183 7.61709388861
157 7.92170763122
355 7.96277696012
356 7.96277696012
357 7.96277696012
163 8.01183371064
156 8.04328891166
65 8.26099282257
298 8.28637461692
321 8.28637461692
359 8.30038483831
8 8.31115744716
12 8.31115744716
14 8.31115744716
25 8.31115744716
26 8.31115744716
33 8.31115744716
310 8.40083963858
10 8.43660342462
11 8.43660342462
302 8.45640884575
296 8.49314935016
206 8.50406810956
153 8.646364358
166 8.65492985024
167 8.65492985024
169 8.65492985024
170 8.65492985024
171 8.65492985024
172 8.65492985024
175 8.65492985024
176 8.65492985024
177 8.65492985024
178 8.65492985024
179 8.65492985024
180 8.65492985024
187 8.65492985024
189 8.65492985024
190 8.65492985024
192 8.65492985024
194 8.65492985024
195 8.65492985024
196 8.65492985024
197 8.65492985024
199 8.65492985024
202 8.65492985024
203 8.65492985024
207 8.65492985024
208 8.65492985024
210 8.65492985024
211 8.65492985024
212 8.65492985024
213 8.65492985024
214 8.65492985024
216 8.65492985024
221 8.65492985024
222 8.65492985024
224 8.65492985024
226 8.65492985024
228 8.65492985024
233 8.65492985024
239 8.65492985024
240 8.65492985024
241 8.65492985024
244 8.65492985024
245 8.65492985024
247 8.65492985024
274 8.65492985024
277 8.65492985024
279 8.65492985024
281 8.65492985024
284 8.65492985024
285 8.65492985024
286 8.65492985024
288 8.65492985024
290 8.65492985024
294 8.65492985024
299 8.65492985024
304 8.65492985024
308 8.65492985024
314 8.65492985024
316 8.65492985024
318 8.65492985024
320 8.65492985024
323 8.65492985024
326 8.65492985024
341 8.65492985024
345 8.65492985024
373 8.65492985024
68 8.66393685717
69 8.66393685717
144 8.66631825031
59 8.68210284308
75 8.71844562891
305 8.73020310488
53 8.78372280873
39 8.78894556917
283 8.78894556917
346 8.84213067961
51 8.8595484119
60 8.98539321186
229 9.04171666698
198 9.0455133731
27 9.12018025036
235 9.18954107972
67 9.1962050021
71 9.1962050021
185 9.20011309117
186 9.20011309117
278 9.20011309117
133 9.20447303885
191 9.21429525735
54 9.21789761737
121 9.2319148545
369 9.27099013176
31 9.29674696145
58 9.29674696145
62 9.29674696145
76 9.29674696145
77 9.29674696145
78 9.29674696145
80 9.29674696145
81 9.29674696145
82 9.29674696145
83 9.29674696145
84 9.29674696145
86 9.29674696145
87 9.29674696145
88 9.29674696145
89 9.29674696145
91 9.29674696145
92 9.29674696145
95 9.29674696145
96 9.29674696145
98 9.29674696145
99 9.29674696145
100 9.29674696145
101 9.29674696145
102 9.29674696145
103 9.29674696145
104 9.29674696145
109 9.29674696145
110 9.29674696145
115 9.29674696145
116 9.29674696145
117 9.29674696145
119 9.29674696145
120 9.29674696145
122 9.29674696145
123 9.29674696145
127 9.29674696145
129 9.29674696145
135 9.29674696145
136 9.29674696145
138 9.29674696145
139 9.29674696145
141 9.29674696145
142 9.29674696145
145 9.29674696145
146 9.29674696145
150 9.29674696145
159 9.29674696145
215 9.29674696145
225 9.29674696145
234 9.29674696145
256 9.29674696145
265 9.29674696145
324 9.29674696145
325 9.29674696145
338 9.29674696145
339 9.29674696145
361 9.29674696145
362 9.29674696145
363 9.29674696145
374 9.29674696145
379 9.29674696145
380 9.29674696145
381 9.29674696145
383 9.29674696145
322 9.30562241606
334 9.30562241606
348 9.30562241606
364 9.30562241606
365 9.30562241606
366 9.30562241606
372 9.30562241606
57 9.31288817854
371 9.35142494409
173 9.36288168117
204 9.37665030755
42 9.38475690158
73 9.49847240373
317 9.53557076347
282 9.71088779358
342 9.71528497766
201 9.73291550879
209 9.73291550879
70 9.73475947555
230 9.75204972461
79 9.80754995753
347 9.81311868293
350 9.81311868293
93 9.82771514049
300 9.8352039993
97 9.83907588083
114 9.83907588083
131 9.83907588083
137 9.83907588083
140 9.83907588083
90 9.85218035821
112 9.85271352123
113 9.85271352123
148 9.8545531357
337 9.8545531357
108 9.86294033012
32 9.86767629428
248 9.97359119156
249 9.97359119156
250 9.97359119156
252 9.97359119156
253 9.97359119156
276 9.97359119156
280 9.97359119156
289 9.97359119156
295 9.97359119156
297 9.97359119156
306 9.97359119156
312 9.97359119156
340 9.97359119156
349 9.97359119156
358 9.97359119156
360 9.97359119156
382 9.97359119156
246 10.0637022004
237 10.1394777172
242 10.1445185491
243 10.1445185491
160 10.1477997899
161 10.1477997899
132 10.2034619783
134 10.2034619783
4 10.2037241832
40 10.2204257876
41 10.2204257876
43 10.2204257876
44 10.2204257876
45 10.2204257876
46 10.2204257876
47 10.2204257876
49 10.2204257876
50 10.2204257876
154 10.2204257876
56 10.2575389825
152 10.2622139172
181 10.2823740947
182 10.2823740947
193 10.2823740947
200 10.2823740947
219 10.2823740947
287 10.2823740947
313 10.3229178264
85 10.3549555434
264 10.363424703
205 10.3914487346
301 10.3915919054
351 10.3915919054
328 10.4398043532
329 10.4398043532
330 10.4398043532
74 10.481692342
174 10.5865568493
184 10.5865568493
217 10.5865568493
151 10.6363933017
236 10.6875330787
164 10.6898431822
3 10.6973261694
5 10.6973261694
6 10.6973261694
7 10.6973261694
48 10.7476933037
303 10.7580787014
155 10.829902359
158 10.829902359
13 10.8384298349
15 10.8384298349
17 10.8384298349
19 10.8384298349
20 10.8384298349
21 10.8384298349
22 10.8384298349
23 10.8384298349
24 10.8384298349
28 10.8384298349
29 10.8384298349
30 10.8384298349
34 10.8384298349
36 10.8384298349
343 10.8786928944
344 10.8786928944
367 10.8786928944
368 10.8786928944
118 10.8915866368
375 10.923205139
254 10.9365669038
238 11.00722521
275 11.0649641021
335 11.0822937165
336 11.0822937165
168 11.1115810539
291 11.2227220742
292 11.2227220742
52 11.2268136148
55 11.2268136148
94 11.2665925475
227 11.2773519107
105 11.2791786534
319 11.3401644849
220 11.3417970348
307 11.3499476777
18 11.3656848242
188 11.3714569575
35 11.3716400141
37 11.3802314823
2 11.4166422532
64 11.4166422532
106 11.4395371862
111 11.4395371862
149 11.4395371862
331 11.5782604509
332 11.5782604509
251 11.6229822544
293 11.6229822544
143 11.643315545
147 11.6798540024
309 11.7046714361
162 11.7389353186
218 11.852985463
255 11.8649828809
223 11.8835965019
257 11.8951029031
258 11.8951029031
259 11.8951029031
260 11.8951029031
261 11.8951029031
262 11.8951029031
263 11.8951029031
266 11.8951029031
267 11.8951029031
269 11.8951029031
270 11.8951029031
271 11.8951029031
272 11.8951029031
273 11.8951029031
311 11.8951029031
9 11.9099870184
1 11.9187686723
327 11.9749398334
107 11.975272547
63 12.1079197767
315 12.1537539768
376 12.429887355
377 12.429887355
268 12.4306469578
16 12.4394178773
232 12.4532479255
126 12.468273066
128 12.468273066
130 12.468273066
378 12.5976164797
38 12.630059283
165 12.7338963651
124 12.8472228494
125 12.8472228494
66 12.8649337214
72 12.8649337214
231 12.9951269958
370 13.1239882383
333 13.1521588908
61 13.3446405127
352 14.3201431708
353 14.3201431708
354 14.3201431708

