107 32.925483757
32 34.8457427632
145 34.98948147
108 36.5756580865
95 36.5824030727
54 36.6173037408
6 36.6292613848
46 36.6362992682
77 36.6377440248
63 36.6409797204
69 36.641083951
45 37.5474693195
87 39.1967951267
73 39.2571544016
114 39.2608526465
143 39.296443354
18 39.328979668
30 39.3596381309
19 39.3634179875
121 39.3680665292
125 39.3700174477
39 39.3716770562
5 39.7574076217
51 40.1899386354
86 40.5048984842
38 40.8233209655
26 41.8679652135
49 41.903577235
68 41.912469285
50 41.9241603857
104 41.9267523997
94 41.9561456208
71 42.010438867
12 42.0130152562
72 42.0304013278
79 42.030799106
129 42.0544292116
29 42.077381801
132 42.0826577289
89 42.2179038433
9 42.9839127731
17 43.9202756641
146 44.4187576828
23 44.4628008926
36 44.499195563
52 44.6266303377
91 44.6470073243
80 44.6661009773
83 44.6780258662
34 44.7613113522
57 44.7717147433
13 45.2618096495
28 45.3334680917
85 45.6724579359
2 47.0406871378
117 47.1385214911
84 47.1650514974
16 47.1706822606
118 47.1826514548
27 47.3305611745
40 47.3435586496
43 47.3701566407
7 47.3842448327
142 47.3897043654
56 47.4126954317
53 47.439417784
65 47.4512880898
93 47.468904104
112 47.4697614374
135 49.784288001
14 49.8265819844
133 49.8910174624
122 50.0382212231
60 50.0418395484
124 50.0512659009
111 50.057708127
15 50.0593535907
66 50.0727024424
58 50.1379294165
3 50.5546403753
70 50.649158263
106 52.4559861182
75 52.5318644361
22 52.645155493
140 52.6551863369
59 52.7598816994
134 52.7721836759
41 52.7793917341
10 52.800796322
64 52.8030178474
120 53.2470367816
96 53.6436066149
128 55.3523979281
105 55.4338282822
48 56.3020391004
21 57.8741465946
76 57.9070446806
100 57.9264497202
101 58.0103332584
67 58.064836007
115 58.0713463819
42 58.1256203728
119 58.2882055888
4 59.594334425
110 59.7983708692
131 60.3955710528
11 60.4269979737
8 60.5502148194
137 60.6004294448
62 60.6078478418
113 60.6105192948
130 60.8506645605
25 61.6458757617
102 62.911955164
78 62.9385628821
88 62.9856349252
20 63.031205071
139 63.2492774609
109 63.9419746895
74 64.0903838121
138 64.2692211711
103 65.3475526277
61 65.574401175
126 65.594710538
97 65.6497301368
99 65.7196793364
98 65.7257092795
37 65.8252933957
141 65.8543362052
31 66.3480279715
24 67.9644289421
136 68.3075722659
33 68.431665312
81 68.4400801971
35 68.4462136484
92 68.969314826
82 69.0638019635
47 69.4741615323
123 70.647200002
90 70.6829349953
144 70.685798103
44 73.3547348584
116 73.6041481793
127 76.0552897466
1 79.6825958566
147 81.283640687
55 85.4136287478
