59 0.00486194094334
52 0.00424995350852
15 0.00412952238484
25 0.00388973538516
62 0.0038829323899
33 0.00383692769997
55 0.00383346131938
2 0.00377542599984
46 0.00363111821662
37 0.00362605624247
53 0.0036075951079
44 0.00353142315192
38 0.00352531044664
13 0.00350011641569
17 0.0033473042546
11 0.00332873421892
39 0.00326199047644
61 0.00323987155362
60 0.00314986407644
54 0.00312464200251
48 0.00310730523108
45 0.00291811206245
50 0.00291646591514
26 0.00291249932561
7 0.00283967705282
43 0.00281352263662
49 0.00280080224657
20 0.00279992230299
42 0.00278624730461
19 0.00275020435648
8 0.00269048672064
1 0.00268027242406
51 0.00267895355962
57 0.0026786085401
63 0.00267745779709
31 0.00256519982136
34 0.00251941674491
35 0.00251539047015
14 0.00250203371472
36 0.00246486184224
21 0.00244810787634
30 0.00244655450922
41 0.00244424330111
40 0.00237086763883
10 0.00236049396006
47 0.00232846741503
28 0.00232729867621
24 0.0023250416731
65 0.00232039180429
27 0.0023040833133
16 0.00225713909597
18 0.00221092313022
9 0.00220970179402
23 0.00220904030018
29 0.00213855855101
0 0.00209199782294
22 0.00208895612986
32 0.00208868602717
58 0.00208444316285
12 0.00207888370997
6 0.00196839988714
5 0.00196839988714
4 0.00196839988714
3 0.00196839988714
56 0.00196826718958
64 0.00192757304035
