274 0.00298506547176
273 0.00298506547176
166 0.00289078975468
115 0.00282498513807
269 0.0028098809352
254 0.00280223830652
172 0.00280201194971
45 0.00266693103079
3 0.00265849874344
156 0.00265144734372
185 0.00264853142441
300 0.00263397458057
34 0.0026194766765
347 0.00261553149045
68 0.00261306850705
330 0.00260771119477
23 0.002593510235
112 0.0025860133219
333 0.00258103590384
349 0.00255121663348
348 0.00255121663348
365 0.00255121663348
350 0.00255121663348
66 0.00254678827183
39 0.00254678827183
49 0.00254678827183
48 0.00254678827183
43 0.00254678827183
42 0.00254678827183
46 0.00254678827183
44 0.00254678827183
41 0.00254678827183
40 0.00254678827183
33 0.00254678827183
171 0.00254550852599
225 0.00254228094312
2 0.00253992774716
270 0.00253958188211
238 0.00253122933527
336 0.0025127535085
335 0.0025127535085
334 0.0025127535085
303 0.00251234178708
301 0.00251234178708
298 0.00251234178708
297 0.00251234178708
295 0.00251234178708
291 0.00251234178708
290 0.00251234178708
288 0.00251234178708
285 0.00251234178708
284 0.00251234178708
283 0.00251234178708
282 0.00251234178708
281 0.00251234178708
280 0.00251234178708
279 0.00251234178708
278 0.00251234178708
277 0.00251234178708
276 0.00251234178708
275 0.00251234178708
309 0.00251234178708
308 0.00251234178708
306 0.00251234178708
50 0.00250657441854
305 0.00250200818377
36 0.00249575842857
53 0.00249575842857
38 0.00249575842857
153 0.00248865152505
162 0.00248602969641
197 0.00248602969641
196 0.00248602969641
195 0.00248602969641
194 0.00248602969641
192 0.00248602969641
322 0.00248602969641
321 0.00248602969641
193 0.00248602969641
339 0.00248383160922
304 0.00246205089345
109 0.00245936842333
108 0.00245936842333
107 0.00245936842333
105 0.00245936842333
139 0.00245936842333
138 0.00245936842333
131 0.00245936842333
130 0.00245936842333
137 0.00245936842333
136 0.00245936842333
135 0.00245936842333
157 0.00245936842333
155 0.00245936842333
154 0.00245936842333
152 0.00245936842333
151 0.00245936842333
129 0.00245936842333
127 0.00245936842333
126 0.00245936842333
125 0.00245936842333
124 0.00245936842333
123 0.00245936842333
122 0.00245936842333
121 0.00245936842333
120 0.00245936842333
116 0.00245936842333
111 0.00245936842333
110 0.00245936842333
79 0.00245936842333
31 0.00245666034508
253 0.00244974154404
242 0.00242280841602
52 0.00241854543919
217 0.00241082392379
216 0.00241082392379
215 0.00241082392379
214 0.00241082392379
219 0.00241082392379
223 0.00241082392379
222 0.00241082392379
220 0.00241082392379
241 0.00241082392379
240 0.00241082392379
239 0.00241082392379
237 0.00241082392379
234 0.00241082392379
233 0.00241082392379
231 0.00241082392379
230 0.00241082392379
259 0.00240032851201
314 0.00239651882317
320 0.00239651882317
316 0.00239556949001
325 0.00239233369541
289 0.00238674467014
292 0.00238536093465
60 0.00238141939357
61 0.00238141939357
64 0.00238141939357
63 0.00238141939357
22 0.00237860033098
184 0.00237278903467
119 0.0023681518468
327 0.0023575959802
263 0.00233390568988
262 0.00233390568988
340 0.00233097609068
261 0.00232522042622
359 0.00232127616894
218 0.00230137646238
226 0.00230137646238
51 0.00229978348927
199 0.0022972430874
256 0.00228189716518
317 0.00227325607137
315 0.00227325607137
313 0.00227325607137
318 0.00227325607137
329 0.00227325607137
326 0.00227325607137
59 0.00227153495008
176 0.00227048056025
243 0.00221764219855
221 0.00221427401708
260 0.00220898387899
345 0.00220340138732
307 0.00219934325774
266 0.00217048046728
37 0.00217048046728
368 0.00217048046728
367 0.00217048046728
355 0.00217048046728
346 0.00217048046728
338 0.00217048046728
271 0.00217048046728
268 0.00217048046728
265 0.00217048046728
264 0.00217048046728
246 0.00217048046728
244 0.00217048046728
208 0.00217048046728
207 0.00217048046728
204 0.00217048046728
201 0.00217048046728
198 0.00217048046728
191 0.00217048046728
189 0.00217048046728
188 0.00217048046728
186 0.00217048046728
177 0.00217048046728
175 0.00217048046728
174 0.00217048046728
173 0.00217048046728
170 0.00217048046728
168 0.00217048046728
167 0.00217048046728
159 0.00217048046728
113 0.00217048046728
69 0.00217048046728
67 0.00217048046728
58 0.00217048046728
56 0.00217048046728
47 0.00217048046728
29 0.00217048046728
28 0.00217048046728
25 0.00217048046728
24 0.00217048046728
357 0.00217048046728
356 0.00217048046728
178 0.00217048046728
102 0.00217048046728
179 0.00216147452545
337 0.00216055629175
169 0.00215821779464
328 0.00215665336154
286 0.00215378265266
62 0.00214168678185
65 0.00214168678185
55 0.00214168678185
54 0.00214168678185
30 0.00214168678185
27 0.00214168678185
21 0.00214168678185
267 0.00213580569999
369 0.00210864293001
228 0.00208781551313
258 0.00208652450667
257 0.00208652450667
255 0.00208652450667
1 0.00208077286911
299 0.00207543495068
26 0.00207440325298
287 0.00206139474222
332 0.0020411870605
331 0.0020411870605
324 0.0020411870605
187 0.00203985124518
134 0.00202788405101
224 0.00202545949749
180 0.00202545949749
200 0.00202240179214
370 0.0020155990039
252 0.0020155990039
15 0.00199784892676
210 0.00199368386952
12 0.00199368386952
312 0.00198385083412
205 0.00198175264477
236 0.00197159113375
235 0.00197159113375
232 0.00197159113375
245 0.00197159113375
229 0.00197159113375
227 0.00197159113375
342 0.00197109203228
319 0.00197044655218
371 0.00197044655218
363 0.00197044655218
354 0.00197044655218
98 0.00196800116221
70 0.00196800116221
206 0.00196800116221
203 0.00196800116221
163 0.00196800116221
302 0.00196718904675
364 0.00196262164786
353 0.00196262164786
352 0.00196262164786
20 0.00196087652681
0 0.00196087652681
57 0.00196087652681
296 0.00192077577752
361 0.00190404055093
360 0.00190404055093
117 0.00190217479245
81 0.00190217479245
71 0.00190217479245
249 0.00190205671146
248 0.00190205671146
213 0.00190205671146
90 0.00189921913245
181 0.0018990573946
247 0.00189481484809
9 0.00187996469163
8 0.00187996469163
7 0.00187996469163
6 0.00187996469163
5 0.00187996469163
4 0.00187996469163
35 0.00187996469163
32 0.00187996469163
366 0.00187996469163
19 0.00187996469163
18 0.00187996469163
17 0.00187996469163
16 0.00187996469163
14 0.00187996469163
13 0.00187996469163
11 0.00187996469163
10 0.00187996469163
118 0.00185861441424
78 0.00185861441424
311 0.00185329781445
310 0.00185329781445
294 0.00185329781445
293 0.00185329781445
272 0.00185329781445
190 0.00185309149365
344 0.0018517195687
362 0.0018517195687
351 0.0018517195687
211 0.00178462151993
358 0.00178462151993
323 0.00178462151993
209 0.00178462151993
183 0.00178462151993
182 0.00178462151993
343 0.00178462151993
341 0.00178462151993
164 0.00178462151993
161 0.00178462151993
160 0.00178462151993
165 0.00178153058678
77 0.00178153058678
75 0.00178153058678
74 0.00178153058678
251 0.00178153058678
250 0.00178153058678
133 0.00178153058678
132 0.00178153058678
82 0.00178153058678
80 0.00178153058678
76 0.00178153058678
73 0.00178153058678
72 0.00178153058678
128 0.00178153058678
86 0.00178153058678
85 0.00178153058678
84 0.00178153058678
83 0.00178153058678
89 0.00178153058678
88 0.00178153058678
87 0.00178153058678
99 0.00178153058678
95 0.00178153058678
94 0.00178153058678
97 0.00178153058678
96 0.00178153058678
92 0.00178153058678
91 0.00178153058678
93 0.00178153058678
150 0.00178153058678
212 0.00178153058678
158 0.00178153058678
202 0.00178153058678
149 0.00178153058678
148 0.00178153058678
147 0.00178153058678
146 0.00178153058678
145 0.00178153058678
144 0.00178153058678
143 0.00178153058678
142 0.00178153058678
141 0.00178153058678
140 0.00178153058678
114 0.00178153058678
106 0.00178153058678
104 0.00178153058678
103 0.00178153058678
101 0.00178153058678
100 0.00178153058678
