23 0.00306622715277
25 0.00288595836369
7 0.00270598190565
26 0.00266435982354
31 0.00262355462681
3 0.00257485724059
2 0.00252062059746
21 0.00251475636061
16 0.00246226750651
8 0.00235180924724
17 0.00232497152178
20 0.00229176523423
9 0.00226406192425
6 0.00223306870338
22 0.00222670936797
14 0.00218937751723
4 0.00218122796272
30 0.00214169613717
11 0.00212603949442
15 0.00211368496302
12 0.00207587600639
32 0.00204717731341
1 0.0020467426267
13 0.00189425692413
27 0.00187975361501
24 0.00184424652929
18 0.00182035564666
10 0.00181959215251
28 0.00154920496633
5 0.00150537446514
0 0.00144937763571
29 0.00143905635578
19 0.00134843490549
