282 0.00204022421965
504 0.00199954469632
392 0.00199954469632
500 0.00199954469632
485 0.00199954469632
307 0.00199954469632
305 0.00199954469632
303 0.00199954469632
301 0.00199954469632
300 0.00199954469632
642 0.00196985798796
304 0.00195263643631
339 0.00193288455854
299 0.00188026219141
302 0.00188010449946
617 0.00187063108201
522 0.00180620622851
513 0.00180223590148
599 0.00179057485049
621 0.00178332092642
618 0.00178298933759
620 0.00178298933759
523 0.00177676941571
514 0.00176819751649
288 0.00176425922489
536 0.00174483715667
598 0.00174100200429
596 0.00174100200429
639 0.00174023163645
364 0.00171348696668
616 0.00170475201544
289 0.00167026997358
518 0.00166583272223
594 0.00166466484234
176 0.00166368235785
7 0.0016626105939
640 0.00166212360537
655 0.00166203838406
166 0.00166099176226
542 0.00165488640591
229 0.0016435280421
123 0.00163068545791
646 0.00161463423241
529 0.00159024301437
150 0.00158789538853
2 0.00158789538853
1 0.00158789538853
606 0.00158591427538
603 0.00158591427538
553 0.00158591427538
515 0.00158591427538
643 0.00158591427538
622 0.00158591427538
548 0.00158591427538
546 0.00158591427538
543 0.00158591427538
535 0.00158591427538
619 0.00158591427538
610 0.00158591427538
637 0.00158591427538
633 0.00158591427538
526 0.00158591427538
503 0.00158591427538
497 0.00158591427538
287 0.00158339211442
361 0.0015808366654
259 0.00155977614917
242 0.00155977614917
238 0.00155833108443
203 0.00155833108443
255 0.00155532572834
265 0.00155532572834
235 0.00155532572834
196 0.00155532572834
219 0.00155532572834
156 0.00154227841626
533 0.00153191442221
638 0.00152864490011
326 0.00152864490011
290 0.00152819975669
384 0.00152795108391
492 0.00152731101738
373 0.00152731101738
167 0.00152412024109
412 0.00152132067146
586 0.00151766268187
585 0.00151766268187
584 0.00151766268187
583 0.00151766268187
582 0.00151766268187
581 0.00151766268187
580 0.00151766268187
556 0.00151766268187
555 0.00151766268187
554 0.00151766268187
568 0.00151766268187
569 0.00151766268187
592 0.00151766268187
591 0.00151766268187
565 0.00151766268187
564 0.00151766268187
567 0.00151766268187
566 0.00151766268187
579 0.00151766268187
578 0.00151766268187
577 0.00151766268187
576 0.00151766268187
575 0.00151766268187
574 0.00151766268187
573 0.00151766268187
572 0.00151766268187
571 0.00151766268187
570 0.00151766268187
561 0.00151766268187
560 0.00151766268187
563 0.00151766268187
562 0.00151766268187
558 0.00151766268187
559 0.00151766268187
632 0.00151276975616
231 0.0015027034643
286 0.00150248179546
184 0.0015024285449
278 0.00149522634073
644 0.00149113340952
624 0.00149077774831
614 0.00149077774831
612 0.00149077774831
630 0.00149077774831
628 0.00149077774831
600 0.00149077774831
605 0.00149077774831
608 0.00149077774831
545 0.00148925754078
540 0.00148925754078
532 0.00148925754078
531 0.00148925754078
530 0.00148925754078
488 0.00148925754078
486 0.00148925754078
484 0.00148925754078
483 0.00148925754078
348 0.00148925754078
347 0.00148925754078
346 0.00148925754078
345 0.00148925754078
344 0.00148925754078
343 0.00148925754078
342 0.00148925754078
341 0.00148925754078
340 0.00148925754078
501 0.00148925754078
386 0.00148925754078
383 0.00148925754078
382 0.00148925754078
381 0.00148925754078
380 0.00148925754078
635 0.00148925754078
597 0.00148925754078
595 0.00148925754078
590 0.00148925754078
527 0.00148925754078
525 0.00148925754078
507 0.00148925754078
506 0.00148925754078
502 0.00148925754078
499 0.00148925754078
498 0.00148925754078
496 0.00148925754078
494 0.00148925754078
491 0.00148925754078
403 0.00148925754078
379 0.00148925754078
377 0.00148925754078
376 0.00148925754078
375 0.00148925754078
374 0.00148925754078
372 0.00148925754078
370 0.00148925754078
349 0.00148925754078
338 0.00148925754078
319 0.00148925754078
318 0.00148925754078
317 0.00148925754078
316 0.00148925754078
315 0.00148925754078
314 0.00148925754078
312 0.00148925754078
311 0.00148925754078
310 0.00148925754078
309 0.00148925754078
337 0.00148925754078
336 0.00148925754078
335 0.00148925754078
334 0.00148925754078
333 0.00148925754078
332 0.00148925754078
331 0.00148925754078
330 0.00148925754078
649 0.00148925754078
648 0.00148925754078
647 0.00148925754078
654 0.00148925754078
653 0.00148925754078
652 0.00148925754078
650 0.00148925754078
609 0.00148925754078
604 0.00148925754078
602 0.00148925754078
601 0.00148925754078
589 0.00148925754078
557 0.00148925754078
552 0.00148925754078
551 0.00148925754078
550 0.00148925754078
517 0.00148925754078
516 0.00148925754078
511 0.00148925754078
424 0.00148925754078
393 0.00148925754078
391 0.00148925754078
369 0.00148925754078
368 0.00148925754078
367 0.00148925754078
366 0.00148925754078
365 0.00148925754078
363 0.00148925754078
362 0.00148925754078
359 0.00148925754078
358 0.00148925754078
357 0.00148925754078
356 0.00148925754078
355 0.00148925754078
354 0.00148925754078
353 0.00148925754078
352 0.00148925754078
351 0.00148925754078
350 0.00148925754078
329 0.00148925754078
328 0.00148925754078
327 0.00148925754078
324 0.00148925754078
322 0.00148925754078
321 0.00148925754078
320 0.00148925754078
121 0.0014889330902
148 0.0014889330902
6 0.0014889330902
5 0.0014889330902
538 0.001487638151
66 0.00148109575901
3 0.00147503768526
243 0.00147270870565
209 0.00147270870565
208 0.00147270870565
202 0.00147270870565
197 0.00147270870565
190 0.00147270870565
213 0.00147270870565
211 0.00147270870565
207 0.00147270870565
206 0.00147270870565
205 0.00147270870565
204 0.00147270870565
201 0.00147270870565
200 0.00147270870565
283 0.00147270870565
275 0.00147270870565
274 0.00147270870565
273 0.00147270870565
272 0.00147270870565
271 0.00147270870565
270 0.00147270870565
248 0.00147270870565
230 0.00147270870565
239 0.00147270870565
237 0.00147270870565
236 0.00147270870565
234 0.00147270870565
233 0.00147270870565
247 0.00147270870565
246 0.00147270870565
245 0.00147270870565
244 0.00147270870565
217 0.00147270870565
216 0.00147270870565
215 0.00147270870565
214 0.00147270870565
199 0.00147270870565
198 0.00147270870565
193 0.00147270870565
269 0.00147270870565
268 0.00147270870565
261 0.00147270870565
241 0.00147270870565
240 0.00147270870565
249 0.00147270870565
218 0.00147270870565
267 0.00147270870565
266 0.00147270870565
264 0.00147270870565
263 0.00147270870565
262 0.00147270870565
189 0.00147270870565
186 0.00147270870565
185 0.00147270870565
183 0.00147270870565
182 0.00147270870565
181 0.00147270870565
180 0.00147270870565
258 0.00147270870565
257 0.00147270870565
256 0.00147270870565
254 0.00147270870565
253 0.00147270870565
252 0.00147270870565
251 0.00147270870565
250 0.00147270870565
225 0.00147270870565
224 0.00147270870565
212 0.00147270870565
179 0.00147270870565
178 0.00147270870565
177 0.00147270870565
174 0.00147270870565
173 0.00147270870565
171 0.00147270870565
227 0.00147270870565
223 0.00147270870565
222 0.00147270870565
221 0.00147270870565
220 0.00147270870565
32 0.00147142819118
371 0.00146590823634
175 0.00146457140973
144 0.00145681992711
33 0.0014549000771
279 0.0014545534596
508 0.00145441711172
191 0.00145029361675
593 0.00145002274822
587 0.00145002274822
325 0.00145002274822
308 0.00145002274822
537 0.00145002274822
544 0.00145002274822
495 0.00144688884076
509 0.00144560111662
378 0.00144370639831
228 0.00144214498655
109 0.00144022549116
512 0.00143011027504
510 0.00143011027504
464 0.00142877082457
454 0.00142877082457
195 0.0014280694808
285 0.00142104889277
284 0.00142104889277
487 0.00141983027524
44 0.00141981129347
541 0.00141933269692
152 0.00141527743249
615 0.00140917789725
436 0.00140600767702
188 0.00140594425076
422 0.00139578642912
131 0.00139304010919
159 0.00139247585158
127 0.00139170954128
147 0.00139095734841
168 0.00138956696108
126 0.00138914396269
136 0.00138899726667
292 0.00138213544351
291 0.00138213544351
192 0.00138213544351
280 0.00138213544351
276 0.00138213544351
490 0.00137595631626
360 0.0013742704805
390 0.00136977959663
651 0.00136977959663
323 0.00136977959663
385 0.00136977959663
389 0.00136977959663
388 0.00136977959663
387 0.00136977959663
505 0.00136977959663
295 0.00136977959663
313 0.00136977959663
297 0.00136977959663
431 0.00136652587832
395 0.00136301504907
399 0.00136301504907
4 0.00136273178038
36 0.00136268852516
187 0.00136229658332
114 0.00136059492531
194 0.00134947022881
471 0.00134768645813
481 0.00134768645813
480 0.00134768645813
469 0.00134768645813
468 0.00134768645813
467 0.00134768645813
466 0.00134768645813
465 0.00134768645813
461 0.00134768645813
460 0.00134768645813
482 0.00134768645813
479 0.00134768645813
437 0.00134768645813
435 0.00134768645813
434 0.00134768645813
433 0.00134768645813
428 0.00134768645813
427 0.00134768645813
426 0.00134768645813
421 0.00134768645813
420 0.00134768645813
458 0.00134768645813
459 0.00134768645813
455 0.00134768645813
432 0.00134768645813
398 0.00134768645813
396 0.00134768645813
477 0.00134768645813
476 0.00134768645813
457 0.00134768645813
456 0.00134768645813
475 0.00134768645813
472 0.00134768645813
451 0.00134768645813
450 0.00134768645813
413 0.00134768645813
411 0.00134768645813
463 0.00134768645813
462 0.00134768645813
453 0.00134768645813
452 0.00134768645813
449 0.00134768645813
448 0.00134768645813
447 0.00134768645813
446 0.00134768645813
445 0.00134768645813
443 0.00134768645813
442 0.00134768645813
441 0.00134768645813
416 0.00134768645813
415 0.00134768645813
401 0.00134768645813
400 0.00134768645813
417 0.00134768645813
613 0.0013464049346
588 0.00134632485659
549 0.00134632485659
636 0.00134632485659
149 0.00132155689138
402 0.00132147634512
607 0.00132125421233
423 0.00132121836317
163 0.00132086999542
440 0.00132086999542
57 0.0013155565401
112 0.00131505772231
626 0.00131344963118
73 0.00131284257652
143 0.00131206972172
141 0.00131206972172
140 0.00131206972172
0 0.00131206972172
232 0.00131206972172
139 0.00131206972172
138 0.00131206972172
137 0.00131206972172
135 0.00131206972172
134 0.00131206972172
133 0.00131206972172
132 0.00131206972172
130 0.00131206972172
165 0.00131206972172
164 0.00131206972172
645 0.00131206972172
277 0.00131206972172
153 0.00131206972172
129 0.00131206972172
128 0.00131206972172
18 0.00131206972172
17 0.00131206972172
444 0.00131024724994
169 0.0013096282058
161 0.00130529148126
489 0.00129834928062
547 0.00129834928062
641 0.00129617208593
631 0.00129617208593
528 0.00129617208593
524 0.00129617208593
521 0.00129617208593
520 0.00129617208593
493 0.00129617208593
306 0.00129617208593
625 0.00129617208593
519 0.00129617208593
298 0.00129617208593
296 0.00129617208593
294 0.00129617208593
293 0.00129617208593
105 0.00128602221734
438 0.00128546001506
39 0.00128538228594
95 0.00128538228594
98 0.0012818108913
51 0.0012818108913
146 0.00127996414565
87 0.00127996414565
539 0.00127531334741
534 0.00127531334741
611 0.00127531334741
470 0.00126207600925
414 0.00126207600925
142 0.00124226778602
116 0.00124226778602
65 0.00124201288285
78 0.00124200591501
478 0.00124156056889
430 0.00124156056889
474 0.00124156056889
425 0.00124156056889
418 0.00124156056889
439 0.00124156056889
226 0.00123769339885
172 0.00123769339885
170 0.00123769339885
260 0.00123769339885
281 0.00123769339885
210 0.00123769339885
160 0.00123634450501
473 0.00123634450501
407 0.00123634450501
406 0.00123634450501
405 0.00123634450501
419 0.00123634450501
410 0.00123634450501
409 0.00123634450501
408 0.00123634450501
404 0.00123634450501
397 0.00123634450501
394 0.00123634450501
158 0.00123634450501
157 0.00123634450501
429 0.00123634450501
108 0.00123622048475
124 0.00123350992992
89 0.00123163869791
155 0.00123163869791
79 0.00120228362848
77 0.00120228362848
74 0.00120228362848
125 0.00120228362848
80 0.00120228362848
76 0.00120228362848
72 0.00120228362848
71 0.00120228362848
70 0.00120228362848
49 0.00120228362848
48 0.00120228362848
46 0.00120228362848
45 0.00120228362848
43 0.00120228362848
41 0.00120228362848
40 0.00120228362848
38 0.00120228362848
37 0.00120228362848
8 0.00120228362848
84 0.00120228362848
83 0.00120228362848
82 0.00120228362848
81 0.00120228362848
88 0.00120228362848
85 0.00120228362848
118 0.00120228362848
117 0.00120228362848
115 0.00120228362848
113 0.00120228362848
110 0.00120228362848
99 0.00120228362848
94 0.00120228362848
93 0.00120228362848
92 0.00120228362848
91 0.00120228362848
90 0.00120228362848
64 0.00120228362848
63 0.00120228362848
60 0.00120228362848
59 0.00120228362848
58 0.00120228362848
56 0.00120228362848
53 0.00120228362848
52 0.00120228362848
50 0.00120228362848
69 0.00120228362848
68 0.00120228362848
67 0.00120228362848
107 0.00120228362848
106 0.00120228362848
104 0.00120228362848
103 0.00120228362848
102 0.00120228362848
101 0.00120228362848
62 0.00120228362848
61 0.00120228362848
623 0.00119772420842
634 0.00119772420842
627 0.00119772420842
629 0.00119772420842
75 0.00118263738033
42 0.00116478718081
162 0.00116216604828
86 0.00116216604828
29 0.00116216604828
28 0.00116216604828
27 0.00116216604828
26 0.00116216604828
25 0.00116216604828
24 0.00116216604828
23 0.00116216604828
22 0.00116216604828
21 0.00116216604828
20 0.00116216604828
11 0.00116216604828
10 0.00116216604828
9 0.00116216604828
145 0.00116216604828
47 0.00116216604828
122 0.00116216604828
31 0.00116216604828
30 0.00116216604828
19 0.00116216604828
16 0.00116216604828
15 0.00116216604828
14 0.00116216604828
13 0.00116216604828
12 0.00116216604828
35 0.00116216604828
34 0.00116216604828
154 0.00116216604828
151 0.00116216604828
120 0.00116216604828
119 0.00116216604828
111 0.00116216604828
97 0.00116216604828
96 0.00116216604828
55 0.00116216604828
54 0.00116216604828
100 0.00116216604828
