9 2.98404392458
 10 2.98404392458
 11 2.98404392458
 12 2.98404392458
 13 2.98404392458
 14 2.98404392458
 15 2.98404392458
 16 2.98404392458
 19 2.98404392458
 20 2.98404392458
 21 2.98404392458
 22 2.98404392458
 23 2.98404392458
 24 2.98404392458
 25 2.98404392458
 26 2.98404392458
 27 2.98404392458
 28 2.98404392458
 29 2.98404392458
 30 2.98404392458
 31 2.98404392458
 34 2.98404392458
 35 2.98404392458
 47 2.98404392458
 54 2.98404392458
 55 2.98404392458
 86 2.98404392458
 96 2.98404392458
 97 2.98404392458
 100 2.98404392458
 111 2.98404392458
 119 2.98404392458
 120 2.98404392458
 122 2.98404392458
 145 2.98404392458
 151 2.98404392458
 154 2.98404392458
 162 2.98404392458
 623 3.00525511003
 627 3.00525511003
 629 3.00525511003
 634 3.00525511003
 42 3.02404055688
 75 3.09978024148
 8 3.14938598068
 37 3.14938598068
 38 3.14938598068
 40 3.14938598068
 41 3.14938598068
 43 3.14938598068
 45 3.14938598068
 46 3.14938598068
 48 3.14938598068
 49 3.14938598068
 50 3.14938598068
 52 3.14938598068
 53 3.14938598068
 56 3.14938598068
 58 3.14938598068
 59 3.14938598068
 60 3.14938598068
 61 3.14938598068
 62 3.14938598068
 63 3.14938598068
 64 3.14938598068
 67 3.14938598068
 68 3.14938598068
 69 3.14938598068
 70 3.14938598068
 71 3.14938598068
 72 3.14938598068
 74 3.14938598068
 76 3.14938598068
 77 3.14938598068
 79 3.14938598068
 80 3.14938598068
 81 3.14938598068
 82 3.14938598068
 83 3.14938598068
 84 3.14938598068
 85 3.14938598068
 88 3.14938598068
 90 3.14938598068
 91 3.14938598068
 92 3.14938598068
 93 3.14938598068
 94 3.14938598068
 99 3.14938598068
 101 3.14938598068
 102 3.14938598068
 103 3.14938598068
 104 3.14938598068
 106 3.14938598068
 107 3.14938598068
 110 3.14938598068
 113 3.14938598068
 115 3.14938598068
 117 3.14938598068
 118 3.14938598068
 125 3.14938598068
 89 3.17989706431
 155 3.17989706431
 124 3.18431598502
 170 3.19024032164
 172 3.19024032164
 210 3.19024032164
 226 3.19024032164
 260 3.19024032164
 281 3.19024032164
 108 3.19055202529
 157 3.19092622307
 158 3.19092622307
 160 3.19092622307
 394 3.19092622307
 397 3.19092622307
 404 3.19092622307
 405 3.19092622307
 406 3.19092622307
 407 3.19092622307
 408 3.19092622307
 409 3.19092622307
 410 3.19092622307
 419 3.19092622307
 429 3.19092622307
 473 3.19092622307
 418 3.23750053396
 425 3.23750053396
 430 3.23750053396
 439 3.23750053396
 474 3.23750053396
 478 3.23750053396
 78 3.23847303727
 65 3.23849420202
 116 3.23906962849
 142 3.23906962849
 534 3.27221560898
 539 3.27221560898
 611 3.27221560898
 414 3.31958101184
 470 3.31958101184
 293 3.34376215787
 294 3.34376215787
 296 3.34376215787
 298 3.34376215787
 306 3.34376215787
 493 3.34376215787
 519 3.34376215787
 520 3.34376215787
 521 3.34376215787
 524 3.34376215787
 528 3.34376215787
 625 3.34376215787
 631 3.34376215787
 641 3.34376215787
 489 3.34897796439
 547 3.34897796439
 87 3.36460392623
 146 3.36460392623
 51 3.3689765412
 98 3.3689765412
 39 3.3772284581
 95 3.3772284581
 438 3.37738627272
 105 3.3786731205
 169 3.38833011661
 444 3.3933484593
 17 3.39897946087
 18 3.39897946087
 128 3.39897946087
 129 3.39897946087
 130 3.39897946087
 132 3.39897946087
 133 3.39897946087
 134 3.39897946087
 135 3.39897946087
 137 3.39897946087
 138 3.39897946087
 139 3.39897946087
 140 3.39897946087
 141 3.39897946087
 143 3.39897946087
 153 3.39897946087
 164 3.39897946087
 165 3.39897946087
 232 3.39897946087
 277 3.39897946087
 645 3.39897946087
 626 3.40163815009
 73 3.40378237872
 607 3.4146560529
 112 3.44340601669
 57 3.44453201737
 149 3.45499012343
 163 3.45699169504
 440 3.45699169504
 423 3.45778445711
 402 3.45835988358
 161 3.46033016466
 613 3.47266630175
 549 3.49623469095
 588 3.49623469095
 636 3.49623469095
 194 3.51967630781
 192 3.53345941591
 276 3.53345941591
 280 3.53345941591
 291 3.53345941591
 292 3.53345941591
 295 3.54733512407
 297 3.54733512407
 313 3.54733512407
 323 3.54733512407
 385 3.54733512407
 387 3.54733512407
 388 3.54733512407
 389 3.54733512407
 390 3.54733512407
 505 3.54733512407
 651 3.54733512407
 396 3.55824905824
 398 3.55824905824
 400 3.55824905824
 401 3.55824905824
 411 3.55824905824
 413 3.55824905824
 415 3.55824905824
 416 3.55824905824
 417 3.55824905824
 420 3.55824905824
 421 3.55824905824
 426 3.55824905824
 427 3.55824905824
 428 3.55824905824
 432 3.55824905824
 433 3.55824905824
 434 3.55824905824
 435 3.55824905824
 437 3.55824905824
 441 3.55824905824
 442 3.55824905824
 443 3.55824905824
 445 3.55824905824
 446 3.55824905824
 447 3.55824905824
 448 3.55824905824
 449 3.55824905824
 450 3.55824905824
 451 3.55824905824
 452 3.55824905824
 453 3.55824905824
 455 3.55824905824
 456 3.55824905824
 457 3.55824905824
 458 3.55824905824
 459 3.55824905824
 460 3.55824905824
 461 3.55824905824
 462 3.55824905824
 463 3.55824905824
 465 3.55824905824
 466 3.55824905824
 467 3.55824905824
 468 3.55824905824
 469 3.55824905824
 471 3.55824905824
 472 3.55824905824
 475 3.55824905824
 476 3.55824905824
 477 3.55824905824
 479 3.55824905824
 480 3.55824905824
 481 3.55824905824
 482 3.55824905824
 360 3.56048425515
 490 3.56455770066
 187 3.57984455006
 114 3.58713577203
 36 3.58749685068
 395 3.58827373612
 399 3.58827373612
 4 3.59214233481
 431 3.6009656621
 126 3.60843783662
 136 3.61272236776
 168 3.61402634659
 127 3.61896741823
 615 3.6192579804
 159 3.61957676667
 131 3.6220339666
 147 3.65512939077
 422 3.66631289374
 541 3.67476479671
 487 3.69970942457
 436 3.70842194969
 188 3.71304919142
 510 3.71445922592
 512 3.71445922592
 495 3.72555827386
 33 3.72568018041
 279 3.73277335756
 371 3.73338672899
 195 3.73781397768
 152 3.74915175526
 378 3.75465252235
 44 3.75668063291
 509 3.75959873672
 454 3.7818217368
 464 3.7818217368
 508 3.78224133349
 284 3.78290448128
 285 3.78290448128
 538 3.7935656604
 228 3.80091268805
 109 3.80747598146
 175 3.81930740628
 278 3.82017290267
 32 3.83936255161
 600 3.8515754686
 605 3.8515754686
 608 3.8515754686
 612 3.8515754686
 614 3.8515754686
 624 3.8515754686
 628 3.8515754686
 630 3.8515754686
 144 3.86135073499
 308 3.86395785805
 325 3.86395785805
 537 3.86395785805
 544 3.86395785805
 587 3.86395785805
 593 3.86395785805
 191 3.87737054518
 632 3.87794047725
 290 3.8952940789
 66 3.89981807803
 3 3.90973705225
 171 3.93931232958
 173 3.93931232958
 174 3.93931232958
 177 3.93931232958
 178 3.93931232958
 179 3.93931232958
 180 3.93931232958
 181 3.93931232958
 182 3.93931232958
 183 3.93931232958
 185 3.93931232958
 186 3.93931232958
 189 3.93931232958
 190 3.93931232958
 193 3.93931232958
 197 3.93931232958
 198 3.93931232958
 199 3.93931232958
 200 3.93931232958
 201 3.93931232958
 202 3.93931232958
 204 3.93931232958
 205 3.93931232958
 206 3.93931232958
 207 3.93931232958
 208 3.93931232958
 209 3.93931232958
 211 3.93931232958
 212 3.93931232958
 213 3.93931232958
 214 3.93931232958
 215 3.93931232958
 216 3.93931232958
 217 3.93931232958
 218 3.93931232958
 220 3.93931232958
 221 3.93931232958
 222 3.93931232958
 223 3.93931232958
 224 3.93931232958
 225 3.93931232958
 227 3.93931232958
 230 3.93931232958
 233 3.93931232958
 234 3.93931232958
 236 3.93931232958
 237 3.93931232958
 239 3.93931232958
 240 3.93931232958
 241 3.93931232958
 243 3.93931232958
 244 3.93931232958
 245 3.93931232958
 246 3.93931232958
 247 3.93931232958
 248 3.93931232958
 249 3.93931232958
 250 3.93931232958
 251 3.93931232958
 252 3.93931232958
 253 3.93931232958
 254 3.93931232958
 256 3.93931232958
 257 3.93931232958
 258 3.93931232958
 261 3.93931232958
 262 3.93931232958
 263 3.93931232958
 264 3.93931232958
 266 3.93931232958
 267 3.93931232958
 268 3.93931232958
 269 3.93931232958
 270 3.93931232958
 271 3.93931232958
 272 3.93931232958
 273 3.93931232958
 274 3.93931232958
 275 3.93931232958
 283 3.93931232958
 5 3.9564128169
 6 3.9564128169
 121 3.9564128169
 148 3.9564128169
 644 3.97909695067
 384 3.98607854435
 309 3.99125105187
 310 3.99125105187
 311 3.99125105187
 312 3.99125105187
 314 3.99125105187
 315 3.99125105187
 316 3.99125105187
 317 3.99125105187
 318 3.99125105187
 319 3.99125105187
 320 3.99125105187
 321 3.99125105187
 322 3.99125105187
 324 3.99125105187
 327 3.99125105187
 328 3.99125105187
 329 3.99125105187
 330 3.99125105187
 331 3.99125105187
 332 3.99125105187
 333 3.99125105187
 334 3.99125105187
 335 3.99125105187
 336 3.99125105187
 337 3.99125105187
 338 3.99125105187
 340 3.99125105187
 341 3.99125105187
 342 3.99125105187
 343 3.99125105187
 344 3.99125105187
 345 3.99125105187
 346 3.99125105187
 347 3.99125105187
 348 3.99125105187
 349 3.99125105187
 350 3.99125105187
 351 3.99125105187
 352 3.99125105187
 353 3.99125105187
 354 3.99125105187
 355 3.99125105187
 356 3.99125105187
 357 3.99125105187
 358 3.99125105187
 359 3.99125105187
 362 3.99125105187
 363 3.99125105187
 365 3.99125105187
 366 3.99125105187
 367 3.99125105187
 368 3.99125105187
 369 3.99125105187
 370 3.99125105187
 372 3.99125105187
 374 3.99125105187
 375 3.99125105187
 376 3.99125105187
 377 3.99125105187
 379 3.99125105187
 380 3.99125105187
 381 3.99125105187
 382 3.99125105187
 383 3.99125105187
 386 3.99125105187
 391 3.99125105187
 393 3.99125105187
 403 3.99125105187
 424 3.99125105187
 483 3.99125105187
 484 3.99125105187
 486 3.99125105187
 488 3.99125105187
 491 3.99125105187
 494 3.99125105187
 496 3.99125105187
 498 3.99125105187
 499 3.99125105187
 501 3.99125105187
 502 3.99125105187
 506 3.99125105187
 507 3.99125105187
 511 3.99125105187
 516 3.99125105187
 517 3.99125105187
 525 3.99125105187
 527 3.99125105187
 530 3.99125105187
 531 3.99125105187
 532 3.99125105187
 540 3.99125105187
 545 3.99125105187
 550 3.99125105187
 551 3.99125105187
 552 3.99125105187
 557 3.99125105187
 589 3.99125105187
 590 3.99125105187
 595 3.99125105187
 597 3.99125105187
 601 3.99125105187
 602 3.99125105187
 604 3.99125105187
 609 3.99125105187
 635 3.99125105187
 647 3.99125105187
 648 3.99125105187
 649 3.99125105187
 650 3.99125105187
 652 3.99125105187
 653 3.99125105187
 654 3.99125105187
 533 3.99314193836
 167 3.99345896327
 184 4.00745585799
 286 4.007570155
 231 4.00809343357
 412 4.02677301575
 554 4.03241298218
 555 4.03241298218
 556 4.03241298218
 558 4.03241298218
 559 4.03241298218
 560 4.03241298218
 561 4.03241298218
 562 4.03241298218
 563 4.03241298218
 564 4.03241298218
 565 4.03241298218
 566 4.03241298218
 567 4.03241298218
 568 4.03241298218
 569 4.03241298218
 570 4.03241298218
 571 4.03241298218
 572 4.03241298218
 573 4.03241298218
 574 4.03241298218
 575 4.03241298218
 576 4.03241298218
 577 4.03241298218
 578 4.03241298218
 579 4.03241298218
 580 4.03241298218
 581 4.03241298218
 582 4.03241298218
 583 4.03241298218
 584 4.03241298218
 585 4.03241298218
 586 4.03241298218
 591 4.03241298218
 592 4.03241298218
 156 4.0385186688
 373 4.07879725488
 492 4.07879725488
 326 4.08176796797
 638 4.08176796797
 529 4.09327169106
 497 4.14896511575
 503 4.14896511575
 515 4.14896511575
 526 4.14896511575
 535 4.14896511575
 543 4.14896511575
 546 4.14896511575
 548 4.14896511575
 553 4.14896511575
 603 4.14896511575
 606 4.14896511575
 610 4.14896511575
 619 4.14896511575
 622 4.14896511575
 633 4.14896511575
 637 4.14896511575
 643 4.14896511575
 196 4.16663456067
 219 4.16663456067
 235 4.16663456067
 255 4.16663456067
 265 4.16663456067
 203 4.17356085648
 238 4.17356085648
 242 4.17688674388
 259 4.17688674388
 1 4.19946664185
 2 4.19946664185
 150 4.19946664185
 287 4.23105226119
 361 4.243220567
 123 4.27996656722
 289 4.29184506375
 542 4.32962395812
 646 4.3372288071
 640 4.3569652712
 166 4.35961784483
 655 4.36143360074
 229 4.36219032488
 594 4.36748286278
 518 4.37015875133
 7 4.40842770563
 364 4.43688894531
 176 4.45298670678
 616 4.45777055405
 536 4.51874278563
 639 4.57398305717
 596 4.57571392646
 598 4.57571392646
 523 4.62842559889
 288 4.64634020689
 514 4.66209616708
 618 4.67499166431
 620 4.67499166431
 621 4.67578298971
 513 4.6871630615
 522 4.69629482635
 599 4.72689439166
 299 4.82635410458
 617 4.88809582967
 302 4.90963327156
 304 5.03004713889
 339 5.08447989772
 642 5.15950000307
 300 5.17514184727
 301 5.17514184727
 303 5.17514184727
 305 5.17514184727
 307 5.17514184727
 392 5.17514184727
 485 5.17514184727
 500 5.17514184727
 504 5.17514184727
 282 5.26936916212

