1 98.8616061107
17 106.336763327
9 107.805425714
8 109.716401402
33 111.945517556
5 113.331889466
25 115.888905361
14 119.087728649
26 123.986816419
24 126.84100767
27 128.250721697
38 128.485859541
11 128.778496225
18 130.913366541
12 134.319294793
29 135.561476437
37 137.28771292
20 139.460816328
23 143.02436797
35 143.175479543
36 145.278445997
10 145.352861789
19 146.56385163
21 148.56475853
13 149.03774628
22 150.88204736
30 166.123854065
28 169.273154699
6 172.946957528
4 173.153877489
15 178.05428907
34 181.783562139
31 183.815982827
16 186.262976015
32 189.295799543
2 190.517750546
3 193.676751155
7 201.413615301
