125 0.00531173837541
58 0.0047915684508
102 0.00468416389337
106 0.00468416389337
104 0.00468416389337
177 0.00455299348095
121 0.00440518233247
105 0.00436568490488
117 0.00431546986564
75 0.00406934758135
138 0.00406662183983
49 0.004065067603
8 0.00405735565652
70 0.00403981005031
205 0.00403191862692
184 0.00399333903166
116 0.00391362115757
159 0.00389238963275
76 0.00389068801037
97 0.0038775346295
206 0.0038530348228
14 0.00383305020575
48 0.0038307683181
179 0.00382720384705
201 0.00382349712486
72 0.00382157856552
90 0.00382157856552
74 0.00382157856552
60 0.00382156243927
65 0.00381843475928
180 0.00380919259486
161 0.00380822144117
152 0.00379695602333
136 0.00379528239396
158 0.00377181053199
140 0.00376266823834
96 0.00374438915604
211 0.00373380498097
130 0.00373168625868
79 0.00370738168663
69 0.0036877294581
86 0.0036877294581
61 0.00368311415241
99 0.00368258686086
98 0.00368258686086
55 0.00367991943341
11 0.00367652252315
7 0.00365872843475
53 0.00364184500247
51 0.00364184500247
64 0.00363240540865
68 0.00363240540865
59 0.00363240540865
93 0.00363240540865
91 0.00363240540865
77 0.00363240540865
73 0.00363240540865
71 0.00363240540865
66 0.00363240540865
89 0.00363240540865
88 0.00363240540865
87 0.00363240540865
85 0.00363240540865
84 0.00363240540865
83 0.00363240540865
82 0.00363240540865
81 0.00363240540865
80 0.00363240540865
78 0.00363240540865
63 0.00363240540865
62 0.00363240540865
67 0.00363240540865
134 0.00361536138258
195 0.00361307023275
162 0.00360146086206
149 0.00360146086206
147 0.00360146086206
145 0.00360146086206
142 0.00360146086206
141 0.00360146086206
135 0.00360146086206
133 0.00360146086206
170 0.00360146086206
167 0.00360146086206
166 0.00360146086206
165 0.00360146086206
164 0.00360146086206
148 0.00360146086206
146 0.00360146086206
144 0.00360146086206
143 0.00360146086206
139 0.00360146086206
137 0.00360146086206
131 0.00360146086206
129 0.00360146086206
128 0.00360146086206
127 0.00360146086206
126 0.00360146086206
168 0.00360146086206
163 0.00360146086206
157 0.00360146086206
156 0.00360146086206
155 0.00360146086206
154 0.00360146086206
153 0.00360146086206
151 0.00360146086206
150 0.00360146086206
124 0.00359921358421
120 0.00359641219788
123 0.00357650836532
43 0.00356836222719
37 0.00356111742037
103 0.00356111742037
160 0.00355813219763
219 0.00354033381824
122 0.00350888507648
209 0.00349961438309
52 0.0034984669822
94 0.0034984669822
92 0.0034984669822
6 0.00348848376763
208 0.00348848376763
204 0.00348848376763
198 0.00348848376763
197 0.00348848376763
196 0.00348848376763
189 0.00348848376763
187 0.00348848376763
182 0.00348848376763
169 0.00348848376763
115 0.00348848376763
107 0.00348848376763
54 0.00348848376763
50 0.00348848376763
10 0.00348848376763
199 0.00347568677948
194 0.00347568677948
191 0.00347568677948
190 0.00347568677948
202 0.00347568677948
13 0.00347568677948
12 0.00347568677948
9 0.00347568677948
203 0.00347568677948
200 0.00347568677948
193 0.00347568677948
95 0.00347568677948
175 0.00346489901213
171 0.00346489901213
178 0.00343915015943
173 0.00343915015943
172 0.00343915015943
207 0.00343915015943
186 0.00343915015943
185 0.00343915015943
183 0.00343915015943
108 0.00343915015943
100 0.00343915015943
111 0.00343342092464
109 0.00343342092464
119 0.00342550565825
118 0.00342550565825
114 0.00342550565825
113 0.00342550565825
112 0.00342550565825
110 0.00342550565825
18 0.00341210689801
132 0.00340427040646
192 0.00338942229724
218 0.00337874060133
56 0.00337601398316
1 0.00337601398316
4 0.00337601398316
21 0.00337601398316
20 0.00337601398316
2 0.00337601398316
220 0.00336906109611
217 0.00336906109611
39 0.00335830568392
38 0.00335830568392
16 0.0033582956055
15 0.0033582956055
28 0.00335203708351
101 0.00334920818439
221 0.00333301199695
176 0.00328478705537
174 0.00328478705537
188 0.00328478705537
181 0.00328478705537
47 0.00322361808239
5 0.00322361808239
3 0.00322361808239
45 0.0031764723929
213 0.00317268384074
212 0.00317268384074
216 0.00317268384074
210 0.00317268384074
215 0.00317268384074
214 0.00317268384074
57 0.0031571549703
222 0.0031571549703
46 0.0031571549703
44 0.0031571549703
42 0.0031571549703
41 0.0031571549703
40 0.0031571549703
36 0.0031571549703
35 0.0031571549703
34 0.0031571549703
33 0.0031571549703
32 0.0031571549703
31 0.0031571549703
30 0.0031571549703
29 0.0031571549703
27 0.0031571549703
26 0.0031571549703
25 0.0031571549703
24 0.0031571549703
23 0.0031571549703
22 0.0031571549703
19 0.0031571549703
17 0.0031571549703
0 0.0031571549703
