531 0.00385591090165
540 0.00335551548777
533 0.00335363924546
536 0.00277045638223
543 0.00274103718122
530 0.00268826049659
537 0.00258072603263
534 0.00252940223141
544 0.00250833406182
650 0.00244171162464
541 0.00243628151206
539 0.00243628151206
480 0.00237801597343
455 0.00237801597343
529 0.00236981436099
542 0.00235881217617
428 0.00230787177747
535 0.00227405134566
269 0.00224048756932
574 0.00220891095133
649 0.00220085844416
483 0.00219917348918
592 0.00215993710746
585 0.00215633964354
584 0.00215633964354
578 0.00213155717854
538 0.00212281121395
420 0.00212207991131
419 0.00212207991131
427 0.0021212596465
395 0.002060455725
548 0.00204093933232
577 0.00204093933232
576 0.00204093933232
575 0.00204093933232
546 0.00204093933232
553 0.00203554339052
550 0.00203554339052
0 0.00195234767001
335 0.00195183324106
572 0.00190951257667
474 0.00190951257667
557 0.00190846094665
484 0.00189545484993
573 0.00189545484993
571 0.00189545484993
212 0.00188918476162
355 0.00188918476162
337 0.00188918476162
294 0.00188918476162
1 0.0018674613781
506 0.0018187508577
519 0.0018187508577
352 0.00176542797768
279 0.0017513579729
257 0.00175008744406
600 0.00173379301952
449 0.00171626839416
448 0.00171626839416
447 0.00171626839416
446 0.00171626839416
570 0.00171626839416
503 0.00171626839416
502 0.00171626839416
499 0.00171626839416
498 0.00171626839416
497 0.00171626839416
496 0.00171626839416
495 0.00171626839416
494 0.00171626839416
493 0.00171626839416
492 0.00171626839416
491 0.00171626839416
490 0.00171626839416
477 0.00171626839416
476 0.00171626839416
475 0.00171626839416
473 0.00171626839416
472 0.00171626839416
470 0.00171626839416
463 0.00171626839416
462 0.00171626839416
445 0.00171626839416
444 0.00171626839416
547 0.00171626839416
545 0.00171626839416
443 0.00171626839416
442 0.00171626839416
437 0.00171626839416
436 0.00171626839416
435 0.00171626839416
434 0.00171626839416
433 0.00171626839416
431 0.00171626839416
430 0.00171626839416
441 0.00171626839416
440 0.00171626839416
549 0.00171626839416
489 0.00171626839416
488 0.00171626839416
487 0.00171626839416
486 0.00171626839416
485 0.00171626839416
482 0.00171626839416
481 0.00171626839416
579 0.00171626839416
569 0.00171626839416
568 0.00171626839416
564 0.00171626839416
471 0.00171626839416
566 0.00171626839416
565 0.00171626839416
501 0.00171626839416
567 0.00171626839416
560 0.00171626839416
559 0.00171626839416
558 0.00171626839416
556 0.00171626839416
555 0.00171626839416
554 0.00171626839416
552 0.00171626839416
551 0.00171626839416
504 0.00171626839416
500 0.00171626839416
479 0.00171626839416
478 0.00171626839416
469 0.00171626839416
468 0.00171626839416
467 0.00171626839416
466 0.00171626839416
465 0.00171626839416
464 0.00171626839416
460 0.00171626839416
459 0.00171626839416
458 0.00171626839416
457 0.00171626839416
456 0.00171626839416
454 0.00171626839416
453 0.00171626839416
452 0.00171626839416
451 0.00171626839416
450 0.00171626839416
439 0.00171626839416
438 0.00171626839416
432 0.00171626839416
429 0.00171626839416
562 0.00171626839416
561 0.00171626839416
461 0.00171626839416
563 0.00171626839416
633 0.00169093767303
589 0.00168393942663
599 0.00168393942663
615 0.00168393942663
613 0.00168393942663
324 0.00167691158948
323 0.00167691158948
290 0.00167539580209
273 0.00167403760759
272 0.00166958669616
377 0.00166958669616
259 0.00166906230621
353 0.00166883910365
239 0.00166259463016
518 0.00165146324026
517 0.00165146324026
516 0.00165146324026
515 0.00165146324026
514 0.00165146324026
513 0.00165146324026
512 0.00165146324026
511 0.00165146324026
510 0.00165146324026
426 0.00165146324026
425 0.00165146324026
424 0.00165146324026
423 0.00165146324026
422 0.00165146324026
421 0.00165146324026
418 0.00165146324026
417 0.00165146324026
416 0.00165146324026
507 0.00165146324026
528 0.00165146324026
527 0.00165146324026
526 0.00165146324026
525 0.00165146324026
524 0.00165146324026
523 0.00165146324026
522 0.00165146324026
521 0.00165146324026
520 0.00165146324026
509 0.00165146324026
508 0.00165146324026
505 0.00165146324026
532 0.00165146324026
588 0.00161332301626
645 0.00161256874433
598 0.00161256874433
368 0.00158316595427
617 0.001536302123
627 0.00149564735983
626 0.00149564735983
625 0.00149564735983
624 0.00149564735983
623 0.00149564735983
622 0.00149564735983
621 0.00149564735983
620 0.00149564735983
619 0.00149564735983
618 0.00149564735983
616 0.00149564735983
614 0.00149564735983
612 0.00149564735983
611 0.00149564735983
610 0.00149564735983
639 0.00149564735983
638 0.00149564735983
637 0.00149564735983
636 0.00149564735983
635 0.00149564735983
634 0.00149564735983
632 0.00149564735983
631 0.00149564735983
630 0.00149564735983
593 0.00149564735983
591 0.00149564735983
590 0.00149564735983
597 0.00149564735983
596 0.00149564735983
595 0.00149564735983
594 0.00149564735983
648 0.00149564735983
642 0.00149564735983
643 0.00149564735983
640 0.00149564735983
609 0.00149564735983
608 0.00149564735983
646 0.00149564735983
607 0.00149564735983
606 0.00149564735983
647 0.00149564735983
644 0.00149564735983
605 0.00149564735983
604 0.00149564735983
603 0.00149564735983
602 0.00149564735983
629 0.00149564735983
628 0.00149564735983
601 0.00149564735983
587 0.00149564735983
586 0.00149564735983
583 0.00149564735983
582 0.00149564735983
580 0.00149564735983
138 0.00148117676744
18 0.00148117676744
315 0.00148041580041
93 0.00148041580041
5 0.00147921696736
330 0.00147921696736
385 0.00147905734025
382 0.00147905734025
381 0.00147905734025
356 0.00147905734025
408 0.00147905734025
234 0.00147905734025
344 0.00147861472423
367 0.00147861472423
358 0.00147781782857
347 0.00147534801077
261 0.00147534801077
7 0.00140774276894
39 0.00140697950262
55 0.00140697950262
376 0.00140666423294
271 0.00140206910627
21 0.00140206910627
393 0.00139872199836
11 0.00139872199836
113 0.0013978533484
371 0.0013978533484
159 0.0013978533484
158 0.0013978533484
146 0.0013978533484
103 0.0013978533484
313 0.0013978533484
253 0.0013978533484
176 0.0013978533484
226 0.0013978533484
2 0.0013978533484
189 0.0013978533484
202 0.00139105040677
200 0.00139105040677
331 0.00139105040677
286 0.00139105040677
232 0.00139105040677
209 0.00139105040677
126 0.00139105040677
328 0.00139105040677
308 0.00139105040677
186 0.00139105040677
225 0.00139105040677
29 0.00139105040677
188 0.00139105040677
581 0.00134230086774
641 0.00134230086774
100 0.00128330169692
390 0.00128330169692
405 0.00128330169692
36 0.00128330169692
129 0.00128330169692
122 0.00128330169692
115 0.00128330169692
379 0.00115617329412
179 0.00115617329412
178 0.00115617329412
177 0.00115617329412
175 0.00115617329412
174 0.00115617329412
173 0.00115617329412
172 0.00115617329412
171 0.00115617329412
170 0.00115617329412
10 0.00115617329412
9 0.00115617329412
8 0.00115617329412
6 0.00115617329412
372 0.00115617329412
319 0.00115617329412
317 0.00115617329412
316 0.00115617329412
314 0.00115617329412
312 0.00115617329412
258 0.00115617329412
255 0.00115617329412
252 0.00115617329412
251 0.00115617329412
4 0.00115617329412
3 0.00115617329412
256 0.00115617329412
254 0.00115617329412
229 0.00115617329412
228 0.00115617329412
227 0.00115617329412
224 0.00115617329412
220 0.00115617329412
389 0.00115617329412
388 0.00115617329412
383 0.00115617329412
223 0.00115617329412
222 0.00115617329412
221 0.00115617329412
387 0.00115617329412
386 0.00115617329412
384 0.00115617329412
380 0.00115617329412
28 0.00115617329412
23 0.00115617329412
22 0.00115617329412
20 0.00115617329412
139 0.00115617329412
132 0.00115617329412
131 0.00115617329412
130 0.00115617329412
109 0.00115617329412
108 0.00115617329412
107 0.00115617329412
106 0.00115617329412
105 0.00115617329412
104 0.00115617329412
102 0.00115617329412
101 0.00115617329412
62 0.00115617329412
57 0.00115617329412
27 0.00115617329412
26 0.00115617329412
25 0.00115617329412
24 0.00115617329412
137 0.00115617329412
136 0.00115617329412
135 0.00115617329412
134 0.00115617329412
133 0.00115617329412
349 0.00115617329412
311 0.00115617329412
310 0.00115617329412
250 0.00115617329412
192 0.00115617329412
49 0.00115617329412
48 0.00115617329412
43 0.00115617329412
42 0.00115617329412
41 0.00115617329412
348 0.00115617329412
346 0.00115617329412
345 0.00115617329412
343 0.00115617329412
342 0.00115617329412
341 0.00115617329412
340 0.00115617329412
309 0.00115617329412
307 0.00115617329412
306 0.00115617329412
305 0.00115617329412
304 0.00115617329412
303 0.00115617329412
302 0.00115617329412
301 0.00115617329412
300 0.00115617329412
268 0.00115617329412
267 0.00115617329412
266 0.00115617329412
265 0.00115617329412
264 0.00115617329412
263 0.00115617329412
262 0.00115617329412
260 0.00115617329412
249 0.00115617329412
218 0.00115617329412
187 0.00115617329412
185 0.00115617329412
184 0.00115617329412
183 0.00115617329412
182 0.00115617329412
181 0.00115617329412
180 0.00115617329412
169 0.00115617329412
168 0.00115617329412
167 0.00115617329412
166 0.00115617329412
165 0.00115617329412
164 0.00115617329412
163 0.00115617329412
162 0.00115617329412
161 0.00115617329412
160 0.00115617329412
89 0.00115617329412
88 0.00115617329412
87 0.00115617329412
86 0.00115617329412
85 0.00115617329412
84 0.00115617329412
83 0.00115617329412
82 0.00115617329412
81 0.00115617329412
80 0.00115617329412
79 0.00115617329412
78 0.00115617329412
77 0.00115617329412
76 0.00115617329412
75 0.00115617329412
74 0.00115617329412
73 0.00115617329412
72 0.00115617329412
71 0.00115617329412
70 0.00115617329412
47 0.00115617329412
46 0.00115617329412
45 0.00115617329412
40 0.00115617329412
357 0.00115617329412
351 0.00115617329412
350 0.00115617329412
238 0.00115617329412
237 0.00115617329412
44 0.00115617329412
359 0.00115617329412
354 0.00115617329412
236 0.00115617329412
235 0.00115617329412
233 0.00115617329412
231 0.00115617329412
230 0.00115617329412
409 0.00115617329412
407 0.00115617329412
406 0.00115617329412
404 0.00115617329412
400 0.00115617329412
219 0.00115617329412
217 0.00115617329412
216 0.00115617329412
215 0.00115617329412
214 0.00115617329412
199 0.00115617329412
198 0.00115617329412
193 0.00115617329412
191 0.00115617329412
69 0.00115617329412
68 0.00115617329412
67 0.00115617329412
66 0.00115617329412
65 0.00115617329412
64 0.00115617329412
63 0.00115617329412
61 0.00115617329412
403 0.00115617329412
402 0.00115617329412
401 0.00115617329412
318 0.00115617329412
38 0.00115617329412
37 0.00115617329412
35 0.00115617329412
34 0.00115617329412
329 0.00115617329412
327 0.00115617329412
326 0.00115617329412
325 0.00115617329412
322 0.00115617329412
321 0.00115617329412
320 0.00115617329412
33 0.00115617329412
32 0.00115617329412
31 0.00115617329412
30 0.00115617329412
373 0.00115617329412
287 0.00115617329412
283 0.00115617329412
282 0.00115617329412
281 0.00115617329412
280 0.00115617329412
277 0.00115617329412
276 0.00115617329412
270 0.00115617329412
149 0.00115617329412
148 0.00115617329412
147 0.00115617329412
145 0.00115617329412
144 0.00115617329412
143 0.00115617329412
142 0.00115617329412
141 0.00115617329412
140 0.00115617329412
415 0.00115617329412
414 0.00115617329412
413 0.00115617329412
412 0.00115617329412
411 0.00115617329412
410 0.00115617329412
399 0.00115617329412
398 0.00115617329412
397 0.00115617329412
396 0.00115617329412
394 0.00115617329412
392 0.00115617329412
391 0.00115617329412
378 0.00115617329412
375 0.00115617329412
374 0.00115617329412
370 0.00115617329412
369 0.00115617329412
366 0.00115617329412
365 0.00115617329412
364 0.00115617329412
363 0.00115617329412
362 0.00115617329412
361 0.00115617329412
360 0.00115617329412
339 0.00115617329412
338 0.00115617329412
336 0.00115617329412
334 0.00115617329412
333 0.00115617329412
332 0.00115617329412
299 0.00115617329412
298 0.00115617329412
297 0.00115617329412
296 0.00115617329412
295 0.00115617329412
293 0.00115617329412
292 0.00115617329412
291 0.00115617329412
289 0.00115617329412
288 0.00115617329412
285 0.00115617329412
284 0.00115617329412
278 0.00115617329412
275 0.00115617329412
274 0.00115617329412
247 0.00115617329412
246 0.00115617329412
245 0.00115617329412
244 0.00115617329412
243 0.00115617329412
242 0.00115617329412
241 0.00115617329412
240 0.00115617329412
213 0.00115617329412
211 0.00115617329412
210 0.00115617329412
208 0.00115617329412
207 0.00115617329412
206 0.00115617329412
205 0.00115617329412
204 0.00115617329412
203 0.00115617329412
201 0.00115617329412
197 0.00115617329412
196 0.00115617329412
195 0.00115617329412
194 0.00115617329412
190 0.00115617329412
157 0.00115617329412
156 0.00115617329412
155 0.00115617329412
154 0.00115617329412
153 0.00115617329412
152 0.00115617329412
151 0.00115617329412
150 0.00115617329412
128 0.00115617329412
123 0.00115617329412
121 0.00115617329412
120 0.00115617329412
119 0.00115617329412
118 0.00115617329412
117 0.00115617329412
116 0.00115617329412
114 0.00115617329412
112 0.00115617329412
111 0.00115617329412
110 0.00115617329412
99 0.00115617329412
98 0.00115617329412
97 0.00115617329412
96 0.00115617329412
95 0.00115617329412
94 0.00115617329412
92 0.00115617329412
91 0.00115617329412
90 0.00115617329412
60 0.00115617329412
59 0.00115617329412
58 0.00115617329412
56 0.00115617329412
54 0.00115617329412
53 0.00115617329412
52 0.00115617329412
51 0.00115617329412
50 0.00115617329412
17 0.00115617329412
16 0.00115617329412
15 0.00115617329412
14 0.00115617329412
248 0.00115617329412
127 0.00115617329412
125 0.00115617329412
124 0.00115617329412
19 0.00115617329412
13 0.00115617329412
12 0.00115617329412
