55 0.00318864971572
1 0.00304736252643
147 0.00304638226794
127 0.00286325841604
116 0.00279062918528
44 0.00277738165384
123 0.0026860625872
90 0.00268541996772
144 0.00268399616708
47 0.00265259812398
82 0.00263910330024
92 0.00263544978482
33 0.00261609249811
81 0.00260718690566
136 0.00260541977031
35 0.00260376414124
24 0.00259254121075
31 0.00255193615857
61 0.00252374140885
98 0.0025168702952
97 0.00251429191841
126 0.00251358936169
141 0.00251062255555
37 0.00250940961614
99 0.00250867272197
103 0.00249877255188
74 0.00248537123279
138 0.00246966713475
109 0.00246940958627
139 0.00242957637852
88 0.0024232039467
78 0.00242104281976
20 0.00241987597005
102 0.00241168390574
25 0.00237907099656
130 0.00236311855392
8 0.00234159579884
113 0.00233697261691
62 0.00233657865163
11 0.00233562117138
137 0.00233410173131
131 0.00232813199585
110 0.0023211651533
4 0.00231573243078
42 0.0022715073264
119 0.00227017308144
67 0.00225737995969
115 0.002256823612
101 0.00225396885229
100 0.00225209736911
76 0.00224339022731
21 0.00224311258981
48 0.00220902183484
105 0.00216778895726
128 0.00215731025979
96 0.00211821847944
120 0.00210825445691
64 0.00208063316246
10 0.00208031236449
41 0.0020772317255
134 0.00207615260996
59 0.00207585171893
22 0.00207400811354
75 0.0020682795667
106 0.0020677279762
140 0.00206661693171
70 0.00202895986659
3 0.00201655428661
122 0.00200257164442
111 0.00199489802193
58 0.00198964029986
124 0.00198745847543
133 0.00198218820022
66 0.00198015692988
135 0.00198010554053
15 0.0019781785721
14 0.00197720023944
60 0.00197571862312
112 0.00191277861768
43 0.0019086188521
93 0.00190506003235
16 0.00189870532717
65 0.00189835862756
53 0.00189808127654
56 0.00189715261967
7 0.00189428430383
40 0.00189299498384
27 0.00189267088211
118 0.00188910965826
117 0.00188874438199
142 0.00188788590003
2 0.00188636570668
84 0.00188618915617
85 0.0018521494976
0 0.001837930927
13 0.00183781290499
28 0.00183709893892
91 0.00181220196842
34 0.00180792889786
57 0.00180651330826
80 0.00180274005364
52 0.00180134063275
36 0.00180107280218
23 0.00179643862787
146 0.00179643764406
83 0.00179568184896
17 0.00177316991836
9 0.00176616142322
89 0.00172872841761
129 0.00171641782953
132 0.00171629224842
72 0.00171577995924
29 0.00171559919341
79 0.00171423182351
71 0.00171297398105
50 0.00171214027461
104 0.00171036820402
68 0.00170987909201
49 0.0017098151385
26 0.00170674458046
12 0.00170616627942
94 0.00170381848247
38 0.00168333041119
86 0.00167380547823
51 0.00166435909992
5 0.00165144928974
39 0.00162478782847
125 0.00162456624767
30 0.00162436355298
121 0.00162428667756
19 0.00162358151223
18 0.00162257703068
73 0.00162160843856
114 0.00162130620548
87 0.00161979536371
143 0.00161517339077
45 0.00157492045527
69 0.00153259235632
63 0.00153257370511
77 0.001532114511
46 0.00153191652623
54 0.00153142690874
6 0.00153082876249
95 0.00153054654086
108 0.00152973890335
145 0.00148621775307
32 0.00148352270035
107 0.00141233323172
