354 0.00264162042462
353 0.00264162042462
352 0.00264162042462
61 0.00245676383633
231 0.00243130514627
370 0.0024123726341
333 0.00240841994745
125 0.00240425081727
124 0.00240425081727
66 0.00240264137645
72 0.00240264137645
165 0.00236490535366
377 0.00233709855448
376 0.00233709855448
378 0.00232543590478
38 0.00231262376938
232 0.00224808579614
16 0.00224599211534
63 0.0022384035121
162 0.00220294598652
327 0.00219543258433
147 0.00219112387041
128 0.00217620162645
130 0.00217620162645
126 0.00217620162645
293 0.00216627007841
251 0.00216627007841
315 0.00215852966569
9 0.00215769724632
227 0.00215299599012
332 0.00214839537382
331 0.00214839537382
268 0.00214390055431
223 0.00214197471236
94 0.00214134495641
218 0.00214064033307
292 0.00211177729103
291 0.00211177729103
55 0.00210225372342
52 0.00210225372342
307 0.00208782967627
309 0.00208743862131
107 0.00208055668441
336 0.00208045479784
335 0.00208045479784
37 0.00206693688202
1 0.00206505233779
18 0.00206403347575
35 0.00206358508799
188 0.00205760314085
273 0.00205323333101
272 0.00205323333101
271 0.00205323333101
270 0.00205323333101
269 0.00205323333101
267 0.00205323333101
266 0.00205323333101
263 0.00205323333101
262 0.00205323333101
261 0.00205323333101
260 0.00205323333101
259 0.00205323333101
258 0.00205323333101
257 0.00205323333101
311 0.00205323333101
255 0.00205209269433
238 0.00204800198745
143 0.00204662034746
220 0.00204641593728
319 0.00204580454795
375 0.00202625928855
151 0.00201362445152
236 0.00201361716849
344 0.00200791316244
343 0.00200791316244
368 0.00200791316244
367 0.00200791316244
158 0.00199897216731
155 0.00199897216731
149 0.00199299671637
111 0.00199299671637
106 0.00199299671637
313 0.00198617047724
168 0.00198016129902
64 0.00197989631902
2 0.00197989631902
152 0.00197497083928
19 0.00197475806761
17 0.00197475806761
15 0.00197475806761
13 0.00197475806761
34 0.00197475806761
30 0.00197475806761
29 0.00197475806761
28 0.00197475806761
24 0.00197475806761
23 0.00197475806761
22 0.00197475806761
21 0.00197475806761
20 0.00197475806761
36 0.00197475806761
134 0.00196786278511
132 0.00196786278511
275 0.0019669144143
303 0.00196660789907
56 0.00195954450744
7 0.00195860466416
6 0.00195860466416
5 0.00195860466416
3 0.00195860466416
48 0.00195781340775
74 0.00194993915098
330 0.00194987247451
329 0.00194987247451
328 0.00194987247451
105 0.00193511307028
351 0.00192834048215
301 0.00192834048215
243 0.0019265808402
242 0.0019265808402
237 0.00192160005016
254 0.00190936868502
230 0.0018931270127
219 0.00189255673098
200 0.00189255673098
182 0.00189255673098
193 0.00189255673098
287 0.00189255673098
181 0.00189255673098
217 0.00189003610031
174 0.00189003610031
184 0.00189003610031
118 0.00188752596331
360 0.00187425441713
358 0.00187425441713
297 0.00187425441713
295 0.00187425441713
249 0.00187425441713
248 0.00187425441713
382 0.00187425441713
349 0.00187425441713
340 0.00187425441713
312 0.00187425441713
253 0.00187425441713
252 0.00187425441713
306 0.00187425441713
250 0.00187425441713
289 0.00187425441713
280 0.00187425441713
276 0.00187425441713
4 0.0018732431251
154 0.00186888738997
50 0.00186888738997
49 0.00186888738997
47 0.00186888738997
46 0.00186888738997
45 0.00186888738997
44 0.00186888738997
43 0.00186888738997
41 0.00186888738997
40 0.00186888738997
282 0.00186681114698
32 0.00183886540521
164 0.00183810261651
300 0.00183463525515
350 0.00183351524535
347 0.00183351524535
317 0.00181677620168
205 0.00181132564203
73 0.00180886619917
369 0.00180663029428
246 0.00180394987989
264 0.00180229247416
85 0.00179739183488
133 0.00179471183044
121 0.00179463069358
70 0.00179067338952
54 0.00179061150496
204 0.00177917859606
209 0.00177293552602
201 0.00177293552602
42 0.00176869450045
342 0.00176771340309
371 0.00176560108689
27 0.00175786944523
348 0.00174597172468
334 0.00174597172468
366 0.00174597172468
365 0.00174597172468
364 0.00174597172468
322 0.00174597172468
372 0.00174597172468
57 0.00174408936321
173 0.00174135045197
198 0.00174000798994
161 0.00173315433595
160 0.00173315433595
229 0.00173233217101
108 0.00172459299419
90 0.00172199285557
337 0.00172137576488
148 0.00172137576488
113 0.0017206313824
112 0.0017206313824
75 0.00171577869179
131 0.00171542699709
137 0.00171542699709
97 0.00171542699709
140 0.00171542699709
114 0.00171542699709
79 0.0017153891985
93 0.00171116703228
153 0.00170801749847
144 0.00170627513747
59 0.00170178182957
71 0.00169937169357
67 0.00169937169357
191 0.00169090190972
186 0.00168549133896
185 0.00168549133896
278 0.00168549133896
235 0.00168152441075
51 0.00168145961229
346 0.00166603498974
39 0.00165738945605
283 0.00165738945605
206 0.00165580871736
53 0.0016460634008
302 0.00164506960102
296 0.00164319148246
305 0.00163948795686
11 0.00162895768837
10 0.00162895768837
383 0.00162364324864
381 0.00162364324864
380 0.00162364324864
256 0.00162364324864
225 0.00162364324864
139 0.00162364324864
138 0.00162364324864
0 0.00162364324864
136 0.00162364324864
135 0.00162364324864
265 0.00162364324864
89 0.00162364324864
88 0.00162364324864
87 0.00162364324864
86 0.00162364324864
84 0.00162364324864
83 0.00162364324864
82 0.00162364324864
81 0.00162364324864
80 0.00162364324864
78 0.00162364324864
77 0.00162364324864
76 0.00162364324864
363 0.00162364324864
339 0.00162364324864
338 0.00162364324864
119 0.00162364324864
117 0.00162364324864
116 0.00162364324864
115 0.00162364324864
110 0.00162364324864
58 0.00162364324864
362 0.00162364324864
361 0.00162364324864
325 0.00162364324864
324 0.00162364324864
215 0.00162364324864
146 0.00162364324864
145 0.00162364324864
142 0.00162364324864
141 0.00162364324864
120 0.00162364324864
109 0.00162364324864
104 0.00162364324864
103 0.00162364324864
102 0.00162364324864
101 0.00162364324864
100 0.00162364324864
62 0.00162364324864
379 0.00162364324864
234 0.00162364324864
159 0.00162364324864
150 0.00162364324864
123 0.00162364324864
122 0.00162364324864
96 0.00162364324864
95 0.00162364324864
92 0.00162364324864
91 0.00162364324864
374 0.00162364324864
129 0.00162364324864
127 0.00162364324864
99 0.00162364324864
98 0.00162364324864
31 0.00162364324864
310 0.00161269138422
69 0.00161229098882
68 0.00161229098882
60 0.00160711257832
326 0.00159360319228
323 0.00159360319228
320 0.00159360319228
247 0.00159360319228
245 0.00159360319228
244 0.00159360319228
241 0.00159360319228
240 0.00159360319228
216 0.00159360319228
214 0.00159360319228
213 0.00159360319228
212 0.00159360319228
211 0.00159360319228
210 0.00159360319228
197 0.00159360319228
196 0.00159360319228
195 0.00159360319228
194 0.00159360319228
192 0.00159360319228
190 0.00159360319228
294 0.00159360319228
290 0.00159360319228
299 0.00159360319228
345 0.00159360319228
207 0.00159360319228
187 0.00159360319228
341 0.00159360319228
316 0.00159360319228
314 0.00159360319228
228 0.00159360319228
226 0.00159360319228
224 0.00159360319228
222 0.00159360319228
221 0.00159360319228
203 0.00159360319228
202 0.00159360319228
208 0.00159360319228
179 0.00159360319228
178 0.00159360319228
177 0.00159360319228
176 0.00159360319228
175 0.00159360319228
172 0.00159360319228
171 0.00159360319228
170 0.00159360319228
169 0.00159360319228
167 0.00159360319228
166 0.00159360319228
199 0.00159360319228
189 0.00159360319228
180 0.00159360319228
304 0.00159360319228
373 0.00159360319228
318 0.00159360319228
308 0.00159360319228
288 0.00159360319228
286 0.00159360319228
284 0.00159360319228
274 0.00159360319228
285 0.00159360319228
281 0.00159360319228
279 0.00159360319228
277 0.00159360319228
239 0.00159360319228
233 0.00159360319228
359 0.00158773671263
298 0.00158400027181
321 0.00158400027181
156 0.00158220230614
26 0.00157999673874
25 0.00157999673874
14 0.00157999673874
12 0.00157999673874
8 0.00157999673874
33 0.00157999673874
163 0.00157455267782
65 0.00157237377588
357 0.00156298331551
356 0.00156298331551
355 0.00156298331551
183 0.0015318410564
157 0.00152830014449
