0 0.00159417715824
13 0.0015050703452
10 0.00149090548053
12 0.00148663140601
54 0.00147924236025
39 0.00145827051724
26 0.00145827051724
18 0.00145827051724
9 0.00141910750747
28 0.00139099339141
74 0.0013791631014
37 0.00137823096592
35 0.00137779560047
14 0.00136239288788
11 0.0013575324975
55 0.00134863908052
50 0.00130317604458
47 0.00130038711696
72 0.00129945074262
3 0.00129841882687
27 0.0012907629116
71 0.00124538623472
16 0.00123871274251
21 0.0012260500429
38 0.00121988562617
25 0.0012198561097
68 0.0012198553517
70 0.00121884690696
29 0.00121884690696
41 0.00119028098
22 0.00116844846142
56 0.00116795982832
57 0.00116065494866
69 0.0011572166374
48 0.00114277123332
15 0.00114231568824
67 0.00114230308124
77 0.00114072607757
80 0.00114046942033
45 0.00114021291213
73 0.00114019906406
52 0.00111176083474
32 0.00111142726869
33 0.00109121517596
64 0.00109040528037
40 0.00106653525942
5 0.00106575254989
76 0.00106511839673
53 0.00106457350768
81 0.00106419831752
42 0.00106382007458
58 0.00106228714407
7 0.00106168115894
78 0.00105732868865
63 0.00104143942074
23 0.00103816466697
43 0.0010351158437
30 0.00101840646222
44 0.00101435143533
31 0.00100720861028
65 0.000992069664319
24 0.000989869176032
46 0.000989544086081
66 0.000989531261816
49 0.00098938598671
34 0.000986402311433
36 0.000986315461904
17 0.000965931028536
79 0.000925994340286
62 0.000907807058344
6 0.000907513359665
2 0.000905997567562
75 0.00083331910783
20 0.000831299672646
1 0.000826091284808
51 0.000814941142325
60 0.000810787865666
19 0.000795649338868
59 0.000754515874636
61 0.000752901990118
4 0.000730130389114
8 0.000717476864321
