541 5.90017798162
361 5.90017798162
356 5.90017798162
348 5.90017798162
330 5.90017798162
327 5.90017798162
319 5.90017798162
316 5.90017798162
203 5.90017798162
198 5.90017798162
179 5.90017798162
178 5.90017798162
177 5.90017798162
176 5.90017798162
169 5.90017798162
165 5.90017798162
164 5.90017798162
139 5.90017798162
95 5.90017798162
94 5.90017798162
93 5.90017798162
87 5.90017798162
84 5.90017798162
80 5.90017798162
56 5.90017798162
55 5.90017798162
54 5.90017798162
51 5.90017798162
50 5.90017798162
45 5.90017798162
42 5.90017798162
28 5.90017798162
27 5.90017798162
26 5.90017798162
24 5.90017798162
22 5.90017798162
21 5.90017798162
20 5.90017798162
19 5.90017798162
17 5.90017798162
16 5.90017798162
15 5.90017798162
14 5.90017798162
12 5.90017798162
11 5.90017798162
10 5.90017798162
8 5.90017798162
7 5.90017798162
5 5.90017798162
4 5.90017798162
3 5.90017798162
2 5.90017798162
1 5.90017798162
563 5.87750301128
326 5.68127406704
560 5.67935691248
559 5.67935691248
558 5.67935691248
557 5.67935691248
556 5.67935691248
555 5.67935691248
554 5.67935691248
553 5.67935691248
552 5.67935691248
551 5.67935691248
546 5.67935691248
545 5.67935691248
543 5.67935691248
542 5.67935691248
539 5.67935691248
538 5.67935691248
531 5.67935691248
494 5.67935691248
433 5.67935691248
432 5.67935691248
419 5.67935691248
415 5.67935691248
414 5.67935691248
413 5.67935691248
412 5.67935691248
411 5.67935691248
410 5.67935691248
409 5.67935691248
408 5.67935691248
407 5.67935691248
402 5.67935691248
399 5.67935691248
325 5.67935691248
321 5.67935691248
312 5.67935691248
311 5.67935691248
310 5.67935691248
299 5.67935691248
296 5.67935691248
288 5.67935691248
285 5.67935691248
257 5.67935691248
234 5.67935691248
231 5.67935691248
225 5.67935691248
223 5.67935691248
216 5.67935691248
175 5.67935691248
170 5.67935691248
168 5.67935691248
159 5.67935691248
151 5.67935691248
150 5.67935691248
145 5.67935691248
143 5.67935691248
142 5.67935691248
141 5.67935691248
138 5.67935691248
136 5.67935691248
134 5.67935691248
131 5.67935691248
130 5.67935691248
129 5.67935691248
128 5.67935691248
127 5.67935691248
126 5.67935691248
125 5.67935691248
124 5.67935691248
123 5.67935691248
121 5.67935691248
120 5.67935691248
119 5.67935691248
117 5.67935691248
116 5.67935691248
115 5.67935691248
112 5.67935691248
111 5.67935691248
110 5.67935691248
109 5.67935691248
108 5.67935691248
107 5.67935691248
106 5.67935691248
105 5.67935691248
102 5.67935691248
101 5.67935691248
100 5.67935691248
99 5.67935691248
98 5.67935691248
97 5.67935691248
64 5.67935691248
36 5.67935691248
35 5.67935691248
32 5.67935691248
547 5.64082995895
544 5.64082995895
429 5.64082995895
420 5.64082995895
404 5.64082995895
324 5.64082995895
323 5.64082995895
322 5.64082995895
318 5.64082995895
313 5.64082995895
308 5.64082995895
278 5.64082995895
167 5.64082995895
166 5.64082995895
160 5.64082995895
158 5.64082995895
157 5.64082995895
156 5.64082995895
155 5.64082995895
153 5.64082995895
149 5.64082995895
148 5.64082995895
147 5.64082995895
144 5.64082995895
132 5.64082995895
96 5.64082995895
91 5.64082995895
89 5.64082995895
88 5.64082995895
86 5.64082995895
85 5.64082995895
77 5.64082995895
76 5.64082995895
69 5.64082995895
66 5.64082995895
46 5.64082995895
44 5.64082995895
43 5.64082995895
41 5.64082995895
38 5.64082995895
37 5.64082995895
34 5.64082995895
31 5.64082995895
30 5.64082995895
29 5.64082995895
339 5.60045742931
74 5.60045742931
13 5.59728899782
428 5.59589754378
135 5.59589754378
83 5.59589754378
53 5.59589754378
535 5.59422502162
154 5.59422502162
40 5.59422502162
52 5.586572384
561 5.38597537493
418 5.38597537493
417 5.38597537493
146 5.38597537493
103 5.37040605853
540 5.35513059939
422 5.35297291529
118 5.35046626312
114 5.35046626312
434 5.35016740699
403 5.35016740699
320 5.35016740699
113 5.35016740699
104 5.34202036344
405 5.34144114895
122 5.34144114895
18 5.28664450684
534 5.27739097106
533 5.27739097106
199 5.260057789
192 5.260057789
189 5.260057789
72 5.260057789
70 5.260057789
68 5.11267868745
61 5.11267868745
337 5.10873591329
333 5.10873591329
65 5.10780532077
398 5.08167600371
352 5.08167600371
188 5.08167600371
430 5.07202852524
427 5.07202852524
426 5.07202852524
423 5.07202852524
425 5.06785816436
162 5.06785816436
172 5.05519555611
171 5.05519555611
133 5.05331521509
305 5.03154716278
406 5.01984854126
537 5.0038778518
536 5.0038778518
23 4.9807278946
137 4.97422783626
187 4.95047930883
173 4.87707060723
39 4.87113544619
262 4.84440128717
219 4.84440128717
362 4.84003398418
358 4.84003398418
357 4.84003398418
338 4.84003398418
424 4.77841789355
314 4.77841789355
306 4.77841789355
208 4.77841789355
341 4.76812415528
78 4.76812415528
303 4.76322319772
81 4.64768106122
174 4.6041602549
206 4.57503002906
300 4.5364668391
265 4.5364668391
58 4.53436312786
247 4.52518425113
360 4.52329796016
359 4.52329796016
351 4.49186320801
343 4.46491359473
328 4.46027055863
47 4.46027055863
163 4.42379408285
562 4.38433101599
565 4.38021017052
431 4.36829078421
400 4.36829078421
397 4.36829078421
396 4.36829078421
395 4.36829078421
394 4.36829078421
393 4.36829078421
392 4.36829078421
391 4.36829078421
390 4.36829078421
389 4.36829078421
388 4.36829078421
387 4.36829078421
386 4.36829078421
385 4.36829078421
383 4.36829078421
382 4.36829078421
381 4.36829078421
380 4.36829078421
379 4.36829078421
378 4.36829078421
377 4.36829078421
376 4.36829078421
375 4.36829078421
374 4.36829078421
373 4.36829078421
372 4.36829078421
370 4.36829078421
369 4.36829078421
368 4.36829078421
367 4.36829078421
366 4.36829078421
365 4.36829078421
364 4.36829078421
363 4.36829078421
355 4.36829078421
354 4.36829078421
353 4.36829078421
350 4.36829078421
349 4.36829078421
347 4.36829078421
346 4.36829078421
345 4.36829078421
344 4.36829078421
342 4.36829078421
340 4.36829078421
336 4.36829078421
335 4.36829078421
334 4.36829078421
332 4.36829078421
331 4.36829078421
329 4.36829078421
309 4.36829078421
304 4.36829078421
267 4.36829078421
210 4.36829078421
209 4.36829078421
204 4.36829078421
202 4.36829078421
197 4.36829078421
196 4.36829078421
195 4.36829078421
193 4.36829078421
186 4.36829078421
184 4.36829078421
183 4.36829078421
182 4.36829078421
181 4.36829078421
180 4.36829078421
92 4.36829078421
82 4.36829078421
79 4.36829078421
75 4.36829078421
73 4.36829078421
71 4.36829078421
67 4.36829078421
63 4.36829078421
62 4.36829078421
60 4.36829078421
59 4.36829078421
57 4.36829078421
49 4.36829078421
48 4.36829078421
25 4.36829078421
9 4.36829078421
6 4.36829078421
317 4.31953191916
152 4.31953191916
256 4.26147788086
371 4.21999519553
307 4.21684412092
453 4.16000506944
293 4.04843616554
384 4.04235904687
185 4.04176993441
238 4.01337077997
259 4.00296488612
460 3.94118511409
421 3.92559612375
218 3.92526264283
140 3.86853025267
401 3.85097550081
295 3.77255857339
294 3.77255857339
291 3.77255857339
287 3.77255857339
286 3.77255857339
281 3.77255857339
280 3.77255857339
279 3.77255857339
277 3.77255857339
276 3.77255857339
275 3.77255857339
273 3.77255857339
272 3.77255857339
270 3.77255857339
266 3.77255857339
264 3.77255857339
261 3.77255857339
258 3.77255857339
255 3.77255857339
254 3.77255857339
249 3.77255857339
246 3.77255857339
244 3.77255857339
243 3.77255857339
242 3.77255857339
241 3.77255857339
240 3.77255857339
239 3.77255857339
237 3.77255857339
229 3.77255857339
228 3.77255857339
226 3.77255857339
224 3.77255857339
222 3.77255857339
221 3.77255857339
220 3.77255857339
217 3.77255857339
207 3.77255857339
201 3.77255857339
191 3.77255857339
33 3.76499694934
530 3.76018900759
528 3.76018900759
527 3.76018900759
526 3.76018900759
525 3.76018900759
524 3.76018900759
522 3.76018900759
521 3.76018900759
520 3.76018900759
519 3.76018900759
518 3.76018900759
517 3.76018900759
516 3.76018900759
515 3.76018900759
514 3.76018900759
513 3.76018900759
512 3.76018900759
511 3.76018900759
510 3.76018900759
509 3.76018900759
508 3.76018900759
506 3.76018900759
505 3.76018900759
504 3.76018900759
503 3.76018900759
502 3.76018900759
501 3.76018900759
499 3.76018900759
498 3.76018900759
497 3.76018900759
496 3.76018900759
495 3.76018900759
492 3.76018900759
491 3.76018900759
490 3.76018900759
488 3.76018900759
487 3.76018900759
485 3.76018900759
483 3.76018900759
482 3.76018900759
481 3.76018900759
480 3.76018900759
479 3.76018900759
478 3.76018900759
477 3.76018900759
476 3.76018900759
475 3.76018900759
474 3.76018900759
473 3.76018900759
472 3.76018900759
471 3.76018900759
470 3.76018900759
469 3.76018900759
468 3.76018900759
467 3.76018900759
466 3.76018900759
465 3.76018900759
464 3.76018900759
463 3.76018900759
462 3.76018900759
461 3.76018900759
459 3.76018900759
458 3.76018900759
457 3.76018900759
456 3.76018900759
455 3.76018900759
454 3.76018900759
452 3.76018900759
451 3.76018900759
450 3.76018900759
448 3.76018900759
447 3.76018900759
446 3.76018900759
445 3.76018900759
444 3.76018900759
443 3.76018900759
442 3.76018900759
441 3.76018900759
440 3.76018900759
439 3.76018900759
438 3.76018900759
548 3.7508749733
529 3.74764929105
493 3.74319036347
302 3.7422908334
297 3.7422908334
274 3.7422908334
263 3.7422908334
284 3.73246725513
200 3.73246725513
301 3.61213043593
298 3.61213043593
292 3.61213043593
290 3.61213043593
289 3.61213043593
283 3.61213043593
282 3.61213043593
271 3.61213043593
253 3.61213043593
252 3.61213043593
251 3.61213043593
250 3.61213043593
233 3.61213043593
215 3.61213043593
214 3.61213043593
212 3.61213043593
205 3.61213043593
315 3.6062273627
532 3.5972232876
550 3.57675085836
549 3.57675085836
90 3.50092410076
269 3.45837301863
245 3.45837301863
236 3.45837301863
268 3.45821660925
260 3.45821660925
227 3.45821660925
194 3.45821660925
436 3.45637760181
435 3.45637760181
507 3.43823698021
486 3.43823698021
449 3.43823698021
523 3.43774756071
500 3.43774756071
484 3.43774756071
416 3.43467855673
190 3.4294709673
213 3.41710148513
248 3.31790156865
230 3.30728085252
437 3.1549065035
489 3.13520936599
235 3.11870079057
232 3.11870079057
161 3.11870079057
211 3.06145976378
564 2.86035957655

