169 0.00183667380226
165 0.00183667380226
164 0.00183667380226
45 0.00183667380226
42 0.00183667380226
3 0.00183667380226
80 0.00183667380226
87 0.00183667380226
84 0.00183667380226
361 0.00183667380226
348 0.00183667380226
330 0.00183667380226
198 0.00183667380226
95 0.00183667380226
94 0.00183667380226
56 0.00183667380226
55 0.00183667380226
54 0.00183667380226
19 0.00183667380226
356 0.00183667380226
327 0.00183667380226
203 0.00183667380226
51 0.00183667380226
50 0.00183667380226
17 0.00183667380226
16 0.00183667380226
15 0.00183667380226
14 0.00183667380226
12 0.00183667380226
11 0.00183667380226
10 0.00183667380226
541 0.00183667380226
319 0.00183667380226
316 0.00183667380226
179 0.00183667380226
178 0.00183667380226
177 0.00183667380226
176 0.00183667380226
139 0.00183667380226
93 0.00183667380226
28 0.00183667380226
27 0.00183667380226
26 0.00183667380226
24 0.00183667380226
22 0.00183667380226
21 0.00183667380226
20 0.00183667380226
8 0.00183667380226
7 0.00183667380226
5 0.00183667380226
4 0.00183667380226
2 0.00183667380226
1 0.00183667380226
101 0.00183527090636
100 0.00183527090636
560 0.00183527090636
559 0.00183527090636
558 0.00183527090636
557 0.00183527090636
556 0.00183527090636
555 0.00183527090636
554 0.00183527090636
553 0.00183527090636
552 0.00183527090636
551 0.00183527090636
432 0.00183527090636
419 0.00183527090636
415 0.00183527090636
414 0.00183527090636
413 0.00183527090636
412 0.00183527090636
411 0.00183527090636
410 0.00183527090636
399 0.00183527090636
325 0.00183527090636
321 0.00183527090636
299 0.00183527090636
296 0.00183527090636
216 0.00183527090636
145 0.00183527090636
143 0.00183527090636
142 0.00183527090636
141 0.00183527090636
119 0.00183527090636
117 0.00183527090636
116 0.00183527090636
115 0.00183527090636
112 0.00183527090636
111 0.00183527090636
110 0.00183527090636
109 0.00183527090636
108 0.00183527090636
107 0.00183527090636
106 0.00183527090636
105 0.00183527090636
102 0.00183527090636
64 0.00183527090636
159 0.00183527090636
151 0.00183527090636
150 0.00183527090636
223 0.00183527090636
138 0.00183527090636
136 0.00183527090636
134 0.00183527090636
131 0.00183527090636
130 0.00183527090636
121 0.00183527090636
120 0.00183527090636
97 0.00183527090636
545 0.00183527090636
543 0.00183527090636
542 0.00183527090636
312 0.00183527090636
257 0.00183527090636
225 0.00183527090636
175 0.00183527090636
170 0.00183527090636
129 0.00183527090636
128 0.00183527090636
99 0.00183527090636
98 0.00183527090636
546 0.00183527090636
539 0.00183527090636
538 0.00183527090636
531 0.00183527090636
288 0.00183527090636
494 0.00183527090636
433 0.00183527090636
409 0.00183527090636
408 0.00183527090636
407 0.00183527090636
402 0.00183527090636
311 0.00183527090636
310 0.00183527090636
285 0.00183527090636
234 0.00183527090636
231 0.00183527090636
168 0.00183527090636
127 0.00183527090636
126 0.00183527090636
125 0.00183527090636
124 0.00183527090636
123 0.00183527090636
36 0.00183527090636
35 0.00183527090636
32 0.00183527090636
326 0.00179372070928
563 0.0017844041402
429 0.00177898880995
420 0.00177898880995
324 0.00177898880995
323 0.00177898880995
149 0.00177898880995
144 0.00177898880995
322 0.00177898880995
157 0.00177898880995
155 0.00177898880995
148 0.00177898880995
147 0.00177898880995
69 0.00177898880995
66 0.00177898880995
158 0.00177898880995
156 0.00177898880995
153 0.00177898880995
91 0.00177898880995
96 0.00177898880995
278 0.00177898880995
404 0.00177898880995
318 0.00177898880995
308 0.00177898880995
167 0.00177898880995
166 0.00177898880995
160 0.00177898880995
89 0.00177898880995
88 0.00177898880995
86 0.00177898880995
85 0.00177898880995
77 0.00177898880995
76 0.00177898880995
46 0.00177898880995
44 0.00177898880995
43 0.00177898880995
41 0.00177898880995
38 0.00177898880995
37 0.00177898880995
34 0.00177898880995
31 0.00177898880995
30 0.00177898880995
547 0.00177898880995
544 0.00177898880995
313 0.00177898880995
132 0.00177898880995
29 0.00177898880995
418 0.00176400344914
561 0.00176400344914
417 0.00176400344914
146 0.00176400344914
13 0.00176193947718
428 0.00176141354807
53 0.00176141354807
135 0.00176141354807
83 0.00176141354807
339 0.00176106916046
74 0.00176106916046
154 0.00176069115543
535 0.00176069115543
40 0.00176069115543
103 0.0017583222902
52 0.00175765697789
192 0.00175321864386
199 0.00175321864386
189 0.00175321864386
72 0.00175321864386
70 0.00175321864386
0 0.00175108053898
422 0.00175108053898
114 0.00175011799081
118 0.00175011799081
403 0.00175002553051
434 0.00175002553051
320 0.00175002553051
113 0.00175002553051
540 0.00174980303537
104 0.00174671888909
405 0.00174647425058
122 0.00174647425058
188 0.00172826690558
398 0.00172826690558
352 0.00172826690558
61 0.00169552348241
68 0.00169552348241
337 0.00169393969402
333 0.00169393969402
65 0.00169357233524
423 0.00168438516082
427 0.00168438516082
426 0.00168438516082
430 0.00168438516082
425 0.0016827009194
162 0.0016827009194
18 0.00168170553326
534 0.00168014407623
533 0.00168014407623
187 0.00167506607811
362 0.00167502337286
357 0.00167502337286
358 0.00167502337286
338 0.00167502337286
305 0.00166634022046
406 0.00166382146433
341 0.00164824407795
78 0.00164824407795
303 0.00164628281154
39 0.00164011636027
219 0.00163745019407
262 0.00163745019407
172 0.00163565816072
171 0.00163565816072
133 0.00163392980231
537 0.00161638317367
536 0.00161638317367
23 0.00160526366276
137 0.00160478756228
173 0.00159681857141
58 0.00159588755824
360 0.00159354546152
359 0.00159354546152
206 0.0015745219643
400 0.00157072556941
379 0.00157072556941
378 0.00157072556941
377 0.00157072556941
376 0.00157072556941
375 0.00157072556941
374 0.00157072556941
372 0.00157072556941
370 0.00157072556941
309 0.00157072556941
304 0.00157072556941
49 0.00157072556941
48 0.00157072556941
363 0.00157072556941
181 0.00157072556941
180 0.00157072556941
336 0.00157072556941
92 0.00157072556941
334 0.00157072556941
79 0.00157072556941
75 0.00157072556941
73 0.00157072556941
71 0.00157072556941
335 0.00157072556941
82 0.00157072556941
431 0.00157072556941
396 0.00157072556941
394 0.00157072556941
392 0.00157072556941
390 0.00157072556941
373 0.00157072556941
368 0.00157072556941
367 0.00157072556941
365 0.00157072556941
355 0.00157072556941
350 0.00157072556941
349 0.00157072556941
347 0.00157072556941
346 0.00157072556941
345 0.00157072556941
344 0.00157072556941
342 0.00157072556941
340 0.00157072556941
332 0.00157072556941
331 0.00157072556941
267 0.00157072556941
196 0.00157072556941
195 0.00157072556941
186 0.00157072556941
184 0.00157072556941
183 0.00157072556941
182 0.00157072556941
59 0.00157072556941
397 0.00157072556941
395 0.00157072556941
393 0.00157072556941
391 0.00157072556941
369 0.00157072556941
366 0.00157072556941
364 0.00157072556941
354 0.00157072556941
353 0.00157072556941
329 0.00157072556941
210 0.00157072556941
209 0.00157072556941
197 0.00157072556941
193 0.00157072556941
67 0.00157072556941
62 0.00157072556941
60 0.00157072556941
57 0.00157072556941
25 0.00157072556941
387 0.00157072556941
386 0.00157072556941
385 0.00157072556941
382 0.00157072556941
381 0.00157072556941
380 0.00157072556941
204 0.00157072556941
63 0.00157072556941
389 0.00157072556941
388 0.00157072556941
383 0.00157072556941
202 0.00157072556941
9 0.00157072556941
6 0.00157072556941
343 0.00157006793118
424 0.0015695009781
208 0.0015695009781
314 0.0015695009781
306 0.0015695009781
47 0.00156821122526
328 0.00156821122526
265 0.00155965610567
300 0.00155965610567
247 0.00155514738985
351 0.00153813644114
562 0.00153424821957
174 0.00153302162232
81 0.00151988284348
307 0.00151598417136
371 0.00151518039932
317 0.00151276604977
152 0.00151276604977
565 0.00149899959563
256 0.00149426170949
453 0.00148679922946
384 0.00148531225365
185 0.00148510641447
163 0.0014703318575
293 0.00144869040988
238 0.00143529010388
259 0.00143114649689
515 0.00141830890168
514 0.00141830890168
439 0.00141830890168
438 0.00141830890168
519 0.00141830890168
518 0.00141830890168
517 0.00141830890168
516 0.00141830890168
513 0.00141830890168
512 0.00141830890168
511 0.00141830890168
510 0.00141830890168
504 0.00141830890168
459 0.00141830890168
458 0.00141830890168
457 0.00141830890168
456 0.00141830890168
455 0.00141830890168
454 0.00141830890168
452 0.00141830890168
451 0.00141830890168
450 0.00141830890168
488 0.00141830890168
487 0.00141830890168
485 0.00141830890168
483 0.00141830890168
482 0.00141830890168
481 0.00141830890168
480 0.00141830890168
509 0.00141830890168
506 0.00141830890168
505 0.00141830890168
501 0.00141830890168
469 0.00141830890168
468 0.00141830890168
467 0.00141830890168
466 0.00141830890168
465 0.00141830890168
464 0.00141830890168
463 0.00141830890168
461 0.00141830890168
448 0.00141830890168
443 0.00141830890168
442 0.00141830890168
530 0.00141830890168
528 0.00141830890168
527 0.00141830890168
526 0.00141830890168
525 0.00141830890168
524 0.00141830890168
522 0.00141830890168
521 0.00141830890168
520 0.00141830890168
508 0.00141830890168
503 0.00141830890168
502 0.00141830890168
499 0.00141830890168
498 0.00141830890168
497 0.00141830890168
496 0.00141830890168
495 0.00141830890168
492 0.00141830890168
491 0.00141830890168
490 0.00141830890168
479 0.00141830890168
478 0.00141830890168
477 0.00141830890168
476 0.00141830890168
475 0.00141830890168
474 0.00141830890168
473 0.00141830890168
472 0.00141830890168
471 0.00141830890168
470 0.00141830890168
462 0.00141830890168
447 0.00141830890168
446 0.00141830890168
445 0.00141830890168
444 0.00141830890168
441 0.00141830890168
440 0.00141830890168
255 0.00138353631825
254 0.00138353631825
258 0.00138353631825
228 0.00138353631825
261 0.00138353631825
229 0.00138353631825
226 0.00138353631825
224 0.00138353631825
222 0.00138353631825
221 0.00138353631825
220 0.00138353631825
266 0.00138353631825
264 0.00138353631825
191 0.00138353631825
217 0.00138353631825
295 0.00138353631825
294 0.00138353631825
249 0.00138353631825
239 0.00138353631825
237 0.00138353631825
207 0.00138353631825
201 0.00138353631825
291 0.00138353631825
287 0.00138353631825
286 0.00138353631825
281 0.00138353631825
280 0.00138353631825
279 0.00138353631825
277 0.00138353631825
276 0.00138353631825
275 0.00138353631825
273 0.00138353631825
272 0.00138353631825
270 0.00138353631825
246 0.00138353631825
244 0.00138353631825
243 0.00138353631825
242 0.00138353631825
240 0.00138353631825
241 0.00138353631825
529 0.00137298376294
493 0.00137218964708
263 0.00137106498146
302 0.00137106498146
274 0.00137106498146
297 0.00137106498146
200 0.00136715607809
284 0.00136715607809
421 0.00135515622929
401 0.00133645632524
548 0.00133601096155
507 0.00133396299239
486 0.00133396299239
449 0.00133396299239
500 0.00133379494108
484 0.00133379494108
523 0.00133379494108
218 0.00132769706651
460 0.00132719793603
550 0.00131200217642
549 0.00131200217642
245 0.00130251397755
236 0.00130251397755
269 0.00130251397755
194 0.00130248389763
227 0.00130248389763
268 0.00130248389763
260 0.00130248389763
315 0.00129812782332
190 0.00128858329854
298 0.00128667419476
289 0.00128667419476
283 0.00128667419476
282 0.00128667419476
271 0.00128667419476
250 0.00128667419476
205 0.00128667419476
292 0.00128667419476
290 0.00128667419476
233 0.00128667419476
212 0.00128667419476
215 0.00128667419476
214 0.00128667419476
301 0.00128667419476
253 0.00128667419476
252 0.00128667419476
251 0.00128667419476
213 0.0012856822623
33 0.00125161105309
248 0.00125130263364
436 0.00121744184943
435 0.00121744184943
489 0.001214273129
416 0.00121314082372
230 0.00120944405647
140 0.00120645961807
211 0.00118863365239
532 0.00114310466498
437 0.00114171019671
90 0.00110717126341
161 0.00108699302871
232 0.00108699302871
235 0.00108699302871
564 0.000978393368996
