10 92.7334185346
13 94.7718789228
12 95.7803045667
54 96.5323451861
18 99.3896997423
26 99.3896997423
39 99.3896997423
9 102.45039047
28 103.502931087
74 105.492127744
14 106.015273297
37 106.356844123
35 106.363262808
11 107.56389972
55 108.569624137
27 112.551344099
72 112.687096354
50 113.154267319
47 113.249471549
3 113.279272842
71 117.705954399
16 118.243248369
21 119.964784926
68 120.131885949
25 120.149141094
38 120.149347485
29 120.164782644
70 120.164782644
41 121.633905101
22 124.483110244
56 124.491189667
57 125.004961723
69 125.50747027
48 126.966125509
15 126.974163454
67 126.974383628
80 126.984049743
73 126.988348134
77 126.997934661
45 127.005983302
32 128.548317593
52 128.999989156
64 131.194926761
33 131.235501454
81 133.554516897
40 133.688583416
5 133.700787776
7 133.705054048
78 133.753515071
76 133.767550308
53 133.775562875
42 133.788045969
58 133.811859887
23 135.11899748
43 135.203991112
63 135.235179321
30 137.818479736
44 137.938072736
31 138.524177973
36 140.335047005
65 140.398843509
49 140.439282752
24 140.449575243
46 140.454697029
66 140.49404687
34 140.561070928
17 141.94897545
79 145.713732818
6 147.282584862
62 147.333175713
2 147.361246068
1 152.305485664
20 153.837964809
75 154.004972043
51 155.256724814
60 155.360834931
19 155.71455122
59 160.764634538
61 160.789037783
4 162.130423669
8 162.451933477
