1 27.9846900383
41 34.8781847085
46 34.8883870843
62 34.8919275654
67 34.8956793634
51 35.7341948477
69 37.244374742
30 37.2837661059
5 37.3346725916
39 37.4502871705
33 37.4524478326
19 38.1944867604
12 40.0019307277
7 40.0189148766
42 40.0275447158
48 42.3924648679
59 42.4178085415
60 42.4178085415
6 42.5431450687
38 42.5508955408
47 42.5605980908
68 44.3542292051
52 44.6335771271
22 44.6903713698
43 44.7905104258
2 44.8514132671
9 44.8514132671
65 44.8883974791
16 44.9008204109
29 44.9136364382
37 45.0666596925
55 46.5928004296
21 46.6562643528
35 46.9113943325
17 47.3030063399
44 47.3147677238
70 47.3577025998
63 47.4062008697
54 47.4207676002
57 47.4385621548
64 47.6058308035
8 47.6064507141
61 47.9608115732
10 48.3237348043
72 48.7822873045
58 49.7180932147
27 49.8638019116
71 49.9128108023
11 49.9353153883
20 50.0632860674
23 50.0985283148
34 51.0630106036
50 52.2603960871
32 52.5756483789
45 54.5873638658
49 54.8727464445
14 55.0760176379
24 57.3661188777
66 59.5722197158
15 59.8236347414
26 59.9815577952
53 61.8636434424
18 62.08927274
4 62.2250448458
25 62.3080018012
28 62.3169594444
56 62.5149438452
40 63.999523836
36 64.512433997
31 65.359701612
13 66.116498485
3 85.1779037218
