3 0.00795532771012
13 0.00627109108132
31 0.00623343058428
36 0.00612827746012
40 0.00607865492809
4 0.00604386134596
56 0.00598660672549
28 0.0059379208925
25 0.00593466238162
53 0.00592030425829
18 0.00591584900799
15 0.00575333563565
26 0.00575042116663
66 0.0057076863187
24 0.00550884454874
14 0.00534121771712
49 0.00532042737588
45 0.00527760817305
32 0.00513002564253
50 0.00506867845158
34 0.00506459951304
23 0.00491458359624
20 0.00490213566454
11 0.00487820684555
71 0.00487720808722
27 0.00486711405043
58 0.00486674319605
72 0.00483022863151
10 0.00482634383149
61 0.00479116731704
8 0.00470383853197
64 0.00470373476747
44 0.00467301064006
57 0.00466583083193
63 0.00466128158614
54 0.00465946394767
70 0.00465905625909
35 0.0046478920469
17 0.00464650635323
21 0.00463082177552
55 0.00462930337908
52 0.00449956345249
68 0.0044813015391
37 0.00447890734024
9 0.00445968537118
2 0.00445968537118
22 0.0044461990643
29 0.00444588653572
65 0.00444423125943
16 0.00444133832085
43 0.00443103496017
47 0.00426926256236
38 0.00426558391424
6 0.00426298534807
59 0.00424695775119
60 0.00424695775119
48 0.00423043227809
42 0.00405351194093
7 0.00405040202106
12 0.00404430825593
0 0.00393261724281
19 0.00392680203288
33 0.00382673512273
39 0.00382607414507
5 0.00381136861809
69 0.00381103731607
30 0.00379267723086
51 0.00374567123691
67 0.00361160127124
62 0.00361024080184
46 0.00360896861628
41 0.00360533651185
1 0.00342857532104
