94 0.00797552346738
95 0.00726426553249
129 0.00714111642839
141 0.00706986017401
140 0.00706986017401
116 0.00668432972286
93 0.00665523022407
127 0.00635283712554
131 0.00635283712554
54 0.00632659792671
91 0.00629434063934
103 0.00616041406495
136 0.00615025523693
97 0.00615025523693
96 0.00615025523693
134 0.00614642224536
106 0.00607774462393
2 0.00578794838904
73 0.00576267440199
123 0.00570374063665
52 0.00562611769717
40 0.00559553506395
104 0.00556094485156
3 0.00550953397034
121 0.00541681922266
66 0.00531422319842
44 0.00531054953992
43 0.00528714758992
135 0.00525323055337
126 0.00525323055337
128 0.00519454987661
25 0.00514888063748
47 0.00514888063748
108 0.00511921555594
85 0.00497908530574
84 0.00497908530574
83 0.00497908530574
82 0.00497908530574
80 0.00497908530574
79 0.00497908530574
78 0.00497908530574
77 0.00497908530574
75 0.00497908530574
74 0.00497908530574
71 0.00497908530574
49 0.00497908530574
69 0.00497908530574
67 0.00497908530574
65 0.00497908530574
64 0.00497908530574
63 0.00497908530574
61 0.00497908530574
60 0.00497908530574
58 0.00497908530574
55 0.00497908530574
51 0.00497908530574
50 0.00497908530574
48 0.00497908530574
46 0.00497908530574
42 0.00497908530574
41 0.00497908530574
38 0.00497908530574
137 0.00483121112559
125 0.00482905740917
138 0.00479847667968
124 0.00479224295673
112 0.00477150042714
111 0.00475508866558
122 0.00469084483917
105 0.00457755882296
139 0.00448403386106
107 0.00447991568438
98 0.00447991568438
88 0.00447991568438
35 0.00447991568438
4 0.00447991568438
1 0.00447991568438
0 0.00447991568438
132 0.00447991568438
130 0.00447991568438
92 0.0044554347391
86 0.0044554347391
115 0.00431145643387
119 0.00426283844256
117 0.00426283844256
114 0.00426283844256
110 0.00426283844256
90 0.00426283844256
89 0.00426283844256
29 0.00414507039169
21 0.00414507039169
32 0.00414507039169
113 0.00414231660441
13 0.00413877912125
72 0.00412752107664
11 0.00412752107664
8 0.00412752107664
68 0.00412752107664
22 0.00411701035384
57 0.00411701035384
133 0.00410219013325
109 0.00410219013325
101 0.00410219013325
102 0.00410219013325
99 0.00410219013325
17 0.00410129758252
31 0.00410129758252
120 0.00399482164452
118 0.00399482164452
100 0.00399482164452
62 0.00381624213396
45 0.00381624213396
28 0.00381624213396
27 0.00381624213396
26 0.00381624213396
24 0.00381624213396
23 0.00381624213396
20 0.00381624213396
19 0.00381624213396
18 0.00381624213396
16 0.00381624213396
15 0.00381624213396
14 0.00381624213396
12 0.00381624213396
10 0.00381624213396
59 0.00381624213396
56 0.00381624213396
53 0.00381624213396
39 0.00381624213396
37 0.00381624213396
36 0.00381624213396
34 0.00381624213396
33 0.00381624213396
30 0.00381624213396
9 0.00381624213396
7 0.00381624213396
6 0.00381624213396
5 0.00381624213396
87 0.00381624213396
81 0.00381624213396
76 0.00381624213396
70 0.00381624213396
