5 6.96159937953
6 6.96159937953
7 6.96159937953
9 6.96159937953
10 6.96159937953
12 6.96159937953
14 6.96159937953
15 6.96159937953
16 6.96159937953
18 6.96159937953
19 6.96159937953
20 6.96159937953
23 6.96159937953
24 6.96159937953
26 6.96159937953
27 6.96159937953
28 6.96159937953
30 6.96159937953
33 6.96159937953
34 6.96159937953
36 6.96159937953
37 6.96159937953
39 6.96159937953
45 6.96159937953
53 6.96159937953
56 6.96159937953
59 6.96159937953
62 6.96159937953
70 6.96159937953
76 6.96159937953
81 6.96159937953
87 6.96159937953
99 7.18020352207
101 7.18020352207
102 7.18020352207
109 7.18020352207
133 7.18020352207
113 7.25344169404
125 7.26717111132
137 7.2689489351
100 7.37071202561
118 7.37071202561
120 7.37071202561
22 7.43488309637
57 7.43488309637
17 7.46571255072
31 7.46571255072
111 7.47301109256
8 7.48612579404
11 7.48612579404
68 7.48612579404
72 7.48612579404
13 7.49468898627
21 7.49965019452
29 7.49965019452
32 7.49965019452
139 7.5281534279
108 7.76193509017
89 7.86165581455
90 7.86165581455
110 7.86165581455
114 7.86165581455
117 7.86165581455
119 7.86165581455
115 7.89930673253
86 8.02323188733
92 8.02323188733
122 8.1609772914
1 8.25245328572
4 8.25245328572
35 8.25245328572
88 8.25245328572
98 8.25245328572
107 8.25245328572
130 8.25245328572
132 8.25245328572
121 8.29040028129
105 8.37852359196
112 8.71795006153
124 8.77696631533
138 8.7818072053
128 9.42821025681
38 9.69665378001
41 9.69665378001
42 9.69665378001
46 9.69665378001
48 9.69665378001
49 9.69665378001
50 9.69665378001
51 9.69665378001
55 9.69665378001
58 9.69665378001
60 9.69665378001
61 9.69665378001
63 9.69665378001
64 9.69665378001
65 9.69665378001
67 9.69665378001
69 9.69665378001
71 9.69665378001
74 9.69665378001
75 9.69665378001
77 9.69665378001
78 9.69665378001
79 9.69665378001
80 9.69665378001
82 9.69665378001
83 9.69665378001
84 9.69665378001
85 9.69665378001
91 9.82198680911
25 9.86350354041
47 9.86350354041
96 9.8804289503
97 9.8804289503
136 9.8804289503
126 9.90836602089
135 9.90836602089
43 10.171608832
44 10.2320117442
66 10.2349545834
123 10.2926104462
104 10.4251578163
3 10.6298030477
40 10.68828521
134 10.7454753034
52 10.7542104673
73 10.894513071
106 10.8956641952
54 10.9883940548
93 11.0169590449
127 11.0700801489
131 11.0700801489
2 11.0807845094
140 11.1424662981
141 11.1424662981
129 11.2967174014
103 11.4437804635
116 11.9731119017
95 12.2064245393
94 12.7519341341

