29 0.0112693199865
23 0.0106059709439
19 0.00949635208255
16 0.00911405008788
4 0.00876851220074
36 0.00852856557347
47 0.0082717776343
28 0.00819381545757
26 0.00796397286296
35 0.00769111944595
32 0.00764210332254
44 0.00743946155565
20 0.00740045222187
3 0.007132763837
33 0.0071163549372
1 0.0071136132649
8 0.00711333333485
9 0.00710809649018
21 0.0067381919984
46 0.00652325076975
12 0.00650387831332
45 0.00627556407269
25 0.00625914707902
2 0.00624923950249
34 0.00617946271695
40 0.00617169127836
39 0.00600609612087
13 0.0059978784354
38 0.00598978598867
42 0.00597546053917
49 0.00568818266564
15 0.00568461355464
48 0.00567922345253
24 0.0056690279048
37 0.00565812385483
17 0.00564226532182
30 0.00558935278322
43 0.00538896204591
18 0.00536583537147
22 0.00511525136519
27 0.00510493682074
14 0.00510267653596
5 0.00501039977503
31 0.00482515896069
7 0.00482456172583
41 0.00482425672187
11 0.00480938132391
0 0.00479847667968
10 0.00451791682687
6 0.00450557465191
