564 0.00221863258116
235 0.00209208424565
232 0.00209208424565
161 0.00209208424565
90 0.00206664660227
437 0.00203947189849
532 0.00202659899379
211 0.00196711380472
230 0.00196132608663
140 0.00195519677835
436 0.00195324565903
435 0.00195324565903
489 0.00194873697374
416 0.00193513127239
33 0.00189538538012
248 0.00189455857743
289 0.00187354470462
301 0.00187354470462
283 0.00187354470462
282 0.00187354470462
250 0.00187354470462
233 0.00187354470462
298 0.00187354470462
292 0.00187354470462
290 0.00187354470462
214 0.00187354470462
215 0.00187354470462
212 0.00187354470462
205 0.00187354470462
271 0.00187354470462
253 0.00187354470462
252 0.00187354470462
251 0.00187354470462
213 0.0018573496199
190 0.00185406405736
550 0.00184175308908
549 0.00184175308908
315 0.00184034468408
194 0.00183887070837
268 0.00183887070837
227 0.00183887070837
260 0.00183887070837
245 0.00183876186999
236 0.00183876186999
269 0.00183876186999
460 0.00182853045484
218 0.00182291951794
500 0.00181642654449
484 0.00181642654449
523 0.00181642654449
507 0.00181616995861
486 0.00181616995861
449 0.00181616995861
401 0.00181558558879
548 0.00181333096729
421 0.00177444717391
493 0.0017686669521
529 0.00176787629712
284 0.00176452689997
200 0.00176452689997
274 0.00176000710193
263 0.00176000710193
302 0.00176000710193
297 0.00176000710193
279 0.00174653103704
275 0.00174653103704
277 0.00174653103704
276 0.00174653103704
272 0.00174653103704
270 0.00174653103704
273 0.00174653103704
255 0.00174653103704
254 0.00174653103704
229 0.00174653103704
228 0.00174653103704
226 0.00174653103704
224 0.00174653103704
222 0.00174653103704
221 0.00174653103704
220 0.00174653103704
266 0.00174653103704
264 0.00174653103704
261 0.00174653103704
258 0.00174653103704
294 0.00174653103704
246 0.00174653103704
243 0.00174653103704
241 0.00174653103704
217 0.00174653103704
201 0.00174653103704
295 0.00174653103704
291 0.00174653103704
249 0.00174653103704
244 0.00174653103704
242 0.00174653103704
240 0.00174653103704
207 0.00174653103704
191 0.00174653103704
287 0.00174653103704
286 0.00174653103704
281 0.00174653103704
280 0.00174653103704
239 0.00174653103704
237 0.00174653103704
508 0.00172041215324
503 0.00172041215324
502 0.00172041215324
499 0.00172041215324
498 0.00172041215324
497 0.00172041215324
496 0.00172041215324
495 0.00172041215324
492 0.00172041215324
491 0.00172041215324
490 0.00172041215324
479 0.00172041215324
478 0.00172041215324
477 0.00172041215324
476 0.00172041215324
475 0.00172041215324
474 0.00172041215324
473 0.00172041215324
472 0.00172041215324
471 0.00172041215324
470 0.00172041215324
462 0.00172041215324
441 0.00172041215324
440 0.00172041215324
447 0.00172041215324
446 0.00172041215324
445 0.00172041215324
444 0.00172041215324
530 0.00172041215324
528 0.00172041215324
527 0.00172041215324
526 0.00172041215324
525 0.00172041215324
524 0.00172041215324
522 0.00172041215324
520 0.00172041215324
521 0.00172041215324
488 0.00172041215324
509 0.00172041215324
487 0.00172041215324
485 0.00172041215324
483 0.00172041215324
482 0.00172041215324
481 0.00172041215324
480 0.00172041215324
465 0.00172041215324
464 0.00172041215324
463 0.00172041215324
461 0.00172041215324
506 0.00172041215324
505 0.00172041215324
501 0.00172041215324
469 0.00172041215324
468 0.00172041215324
467 0.00172041215324
466 0.00172041215324
448 0.00172041215324
443 0.00172041215324
442 0.00172041215324
519 0.00172041215324
517 0.00172041215324
515 0.00172041215324
513 0.00172041215324
511 0.00172041215324
458 0.00172041215324
456 0.00172041215324
454 0.00172041215324
452 0.00172041215324
450 0.00172041215324
438 0.00172041215324
518 0.00172041215324
516 0.00172041215324
514 0.00172041215324
512 0.00172041215324
510 0.00172041215324
504 0.00172041215324
459 0.00172041215324
457 0.00172041215324
455 0.00172041215324
451 0.00172041215324
439 0.00172041215324
259 0.00169064445335
238 0.00168586157107
293 0.00167156289807
163 0.00164431191309
453 0.00163979209271
185 0.00163094598528
384 0.00163064137896
256 0.00161745676793
565 0.001608314416
152 0.00159753201384
317 0.00159753201384
371 0.00159668263042
307 0.00159571381149
81 0.00158561003735
174 0.00158443966336
562 0.00157792998021
351 0.00156834133225
247 0.00154693658056
265 0.00154176328785
300 0.00154176328785
47 0.00153628871952
328 0.00153628871952
343 0.00153415677254
431 0.00153319712318
267 0.00153319712318
184 0.00153319712318
183 0.00153319712318
182 0.00153319712318
389 0.00153319712318
388 0.00153319712318
387 0.00153319712318
386 0.00153319712318
385 0.00153319712318
383 0.00153319712318
382 0.00153319712318
381 0.00153319712318
380 0.00153319712318
363 0.00153319712318
349 0.00153319712318
347 0.00153319712318
193 0.00153319712318
186 0.00153319712318
82 0.00153319712318
73 0.00153319712318
25 0.00153319712318
9 0.00153319712318
6 0.00153319712318
346 0.00153319712318
345 0.00153319712318
344 0.00153319712318
340 0.00153319712318
181 0.00153319712318
79 0.00153319712318
75 0.00153319712318
71 0.00153319712318
342 0.00153319712318
309 0.00153319712318
304 0.00153319712318
180 0.00153319712318
49 0.00153319712318
48 0.00153319712318
400 0.00153319712318
379 0.00153319712318
378 0.00153319712318
377 0.00153319712318
376 0.00153319712318
375 0.00153319712318
374 0.00153319712318
372 0.00153319712318
370 0.00153319712318
92 0.00153319712318
336 0.00153319712318
335 0.00153319712318
334 0.00153319712318
332 0.00153319712318
67 0.00153319712318
331 0.00153319712318
209 0.00153319712318
202 0.00153319712318
63 0.00153319712318
59 0.00153319712318
60 0.00153319712318
204 0.00153319712318
369 0.00153319712318
368 0.00153319712318
397 0.00153319712318
396 0.00153319712318
395 0.00153319712318
394 0.00153319712318
393 0.00153319712318
392 0.00153319712318
391 0.00153319712318
390 0.00153319712318
350 0.00153319712318
195 0.00153319712318
62 0.00153319712318
373 0.00153319712318
367 0.00153319712318
366 0.00153319712318
365 0.00153319712318
364 0.00153319712318
355 0.00153319712318
354 0.00153319712318
353 0.00153319712318
329 0.00153319712318
210 0.00153319712318
197 0.00153319712318
196 0.00153319712318
57 0.00153319712318
424 0.0015301424426
314 0.0015301424426
306 0.0015301424426
208 0.0015301424426
206 0.00152586981051
173 0.00151248551236
360 0.00150730079176
359 0.00150730079176
58 0.00150465373801
137 0.00148859483546
23 0.00148814636184
536 0.00147458659189
537 0.00147458659189
133 0.00145729092237
172 0.00145590220911
171 0.00145590220911
262 0.00145293626598
219 0.00145293626598
39 0.0014502022418
303 0.00144720562974
341 0.0014449578089
78 0.0014449578089
406 0.00141997144741
305 0.00141706619287
357 0.00141435027074
358 0.00141435027074
362 0.00141435027074
338 0.00141435027074
187 0.0014132716235
534 0.0014025081367
533 0.0014025081367
18 0.00140079259351
425 0.00139749630863
162 0.00139749630863
426 0.00139560298508
427 0.00139560298508
423 0.00139560298508
430 0.00139560298508
65 0.00139095476603
337 0.00139052133789
333 0.00139052133789
61 0.00138872094248
68 0.00138872094248
188 0.00135364344548
398 0.00135364344548
352 0.00135364344548
405 0.00132527031357
122 0.00132527031357
104 0.00132501371143
192 0.00132399139624
199 0.00132399139624
72 0.00132399139624
70 0.00132399139624
189 0.00132399139624
540 0.00132150446318
403 0.00132130832123
320 0.00132130832123
434 0.00132130832123
113 0.00132130832123
114 0.00132113952675
118 0.00132113952675
422 0.0013199819792
0 0.0013199819792
52 0.00131392795168
103 0.00131228215501
535 0.00131039324061
154 0.00131039324061
40 0.00131039324061
74 0.00131006041654
339 0.00131006041654
428 0.00130965131128
135 0.00130965131128
83 0.00130965131128
53 0.00130965131128
13 0.00130901660775
561 0.001304418498
146 0.001304418498
418 0.001304418498
417 0.001304418498
149 0.00128848429942
323 0.00128848429942
148 0.00128848429942
429 0.00128848429942
420 0.00128848429942
324 0.00128848429942
322 0.00128848429942
147 0.00128848429942
144 0.00128848429942
278 0.00128848429942
158 0.00128848429942
157 0.00128848429942
156 0.00128848429942
155 0.00128848429942
153 0.00128848429942
96 0.00128848429942
91 0.00128848429942
69 0.00128848429942
66 0.00128848429942
31 0.00128848429942
30 0.00128848429942
38 0.00128848429942
37 0.00128848429942
34 0.00128848429942
318 0.00128848429942
166 0.00128848429942
404 0.00128848429942
167 0.00128848429942
160 0.00128848429942
86 0.00128848429942
85 0.00128848429942
77 0.00128848429942
46 0.00128848429942
44 0.00128848429942
43 0.00128848429942
41 0.00128848429942
313 0.00128848429942
308 0.00128848429942
132 0.00128848429942
89 0.00128848429942
88 0.00128848429942
76 0.00128848429942
544 0.00128848429942
29 0.00128848429942
547 0.00128848429942
563 0.00128731927107
326 0.00127517483829
356 0.00122333918499
327 0.00122333918499
19 0.00122333918499
17 0.00122333918499
16 0.00122333918499
15 0.00122333918499
14 0.00122333918499
12 0.00122333918499
11 0.00122333918499
10 0.00122333918499
541 0.00122333918499
348 0.00122333918499
139 0.00122333918499
27 0.00122333918499
26 0.00122333918499
24 0.00122333918499
22 0.00122333918499
169 0.00122333918499
165 0.00122333918499
164 0.00122333918499
87 0.00122333918499
84 0.00122333918499
80 0.00122333918499
28 0.00122333918499
21 0.00122333918499
20 0.00122333918499
3 0.00122333918499
319 0.00122333918499
316 0.00122333918499
177 0.00122333918499
176 0.00122333918499
8 0.00122333918499
7 0.00122333918499
5 0.00122333918499
4 0.00122333918499
2 0.00122333918499
1 0.00122333918499
179 0.00122333918499
178 0.00122333918499
45 0.00122333918499
42 0.00122333918499
361 0.00122333918499
330 0.00122333918499
203 0.00122333918499
198 0.00122333918499
95 0.00122333918499
94 0.00122333918499
93 0.00122333918499
56 0.00122333918499
55 0.00122333918499
54 0.00122333918499
51 0.00122333918499
50 0.00122333918499
109 0.00122308306308
108 0.00122308306308
107 0.00122308306308
106 0.00122308306308
105 0.00122308306308
102 0.00122308306308
101 0.00122308306308
100 0.00122308306308
216 0.00122308306308
559 0.00122308306308
558 0.00122308306308
557 0.00122308306308
556 0.00122308306308
555 0.00122308306308
554 0.00122308306308
553 0.00122308306308
552 0.00122308306308
551 0.00122308306308
325 0.00122308306308
321 0.00122308306308
145 0.00122308306308
143 0.00122308306308
142 0.00122308306308
141 0.00122308306308
560 0.00122308306308
494 0.00122308306308
419 0.00122308306308
415 0.00122308306308
414 0.00122308306308
413 0.00122308306308
412 0.00122308306308
411 0.00122308306308
410 0.00122308306308
299 0.00122308306308
296 0.00122308306308
159 0.00122308306308
151 0.00122308306308
150 0.00122308306308
129 0.00122308306308
128 0.00122308306308
125 0.00122308306308
124 0.00122308306308
121 0.00122308306308
120 0.00122308306308
119 0.00122308306308
117 0.00122308306308
116 0.00122308306308
115 0.00122308306308
112 0.00122308306308
111 0.00122308306308
110 0.00122308306308
99 0.00122308306308
98 0.00122308306308
97 0.00122308306308
64 0.00122308306308
546 0.00122308306308
545 0.00122308306308
543 0.00122308306308
542 0.00122308306308
539 0.00122308306308
538 0.00122308306308
531 0.00122308306308
433 0.00122308306308
432 0.00122308306308
409 0.00122308306308
408 0.00122308306308
407 0.00122308306308
402 0.00122308306308
399 0.00122308306308
312 0.00122308306308
311 0.00122308306308
310 0.00122308306308
288 0.00122308306308
285 0.00122308306308
257 0.00122308306308
234 0.00122308306308
231 0.00122308306308
225 0.00122308306308
223 0.00122308306308
175 0.00122308306308
170 0.00122308306308
168 0.00122308306308
138 0.00122308306308
136 0.00122308306308
134 0.00122308306308
131 0.00122308306308
130 0.00122308306308
127 0.00122308306308
126 0.00122308306308
123 0.00122308306308
36 0.00122308306308
35 0.00122308306308
32 0.00122308306308
