52 3.25957083066
109 3.25957083066
218 3.25957083066
48 3.26079605076
50 3.26079605076
51 3.26079605076
58 3.26079605076
74 3.26079605076
75 3.26079605076
77 3.26079605076
84 3.26079605076
100 3.26079605076
107 3.26079605076
108 3.26079605076
153 3.26079605076
156 3.26079605076
157 3.26079605076
158 3.26079605076
160 3.26079605076
163 3.26079605076
169 3.26079605076
176 3.26079605076
179 3.26079605076
183 3.26079605076
188 3.26079605076
198 3.26079605076
207 3.26079605076
208 3.26079605076
211 3.26079605076
212 3.26079605076
215 3.26079605076
216 3.26079605076
232 3.26079605076
233 3.26079605076
236 3.26079605076
243 3.26079605076
245 3.26079605076
246 3.26079605076
249 3.26079605076
250 3.26079605076
251 3.26079605076
252 3.26079605076
253 3.26079605076
254 3.26079605076
255 3.26079605076
257 3.26079605076
258 3.26079605076
259 3.26079605076
260 3.26079605076
94 3.26412569787
206 3.26412569787
225 3.26412569787
264 3.26412569787
152 3.43351692285
219 3.44523956536
220 3.44523956536
221 3.44523956536
223 3.44523956536
224 3.44523956536
231 3.44523956536
239 3.44523956536
265 3.44523956536
280 3.44523956536
282 3.44523956536
213 3.4810335339
214 3.4810335339
235 3.4810335339
217 3.52404270846
162 3.54621082382
155 3.54871706153
196 3.54871706153
256 3.54871706153
262 3.54871706153
147 3.55093771441
148 3.55093771441
149 3.55093771441
150 3.55093771441
151 3.55093771441
161 3.55302977226
247 3.55309213101
238 3.5582998124
244 3.5582998124
261 3.5582998124
71 3.5582998124
139 3.5582998124
145 3.5582998124
83 3.66350155239
1 3.70249291734
2 3.70249291734
3 3.70249291734
4 3.70249291734
5 3.70249291734
6 3.70249291734
10 3.70249291734
11 3.70249291734
12 3.70249291734
14 3.70249291734
15 3.70249291734
17 3.70249291734
18 3.70249291734
20 3.70249291734
21 3.70249291734
22 3.70249291734
23 3.70249291734
28 3.70249291734
29 3.70249291734
30 3.70249291734
31 3.70249291734
34 3.70249291734
35 3.70249291734
36 3.70249291734
37 3.70249291734
40 3.70249291734
44 3.70249291734
45 3.70249291734
46 3.70249291734
76 3.70249291734
209 3.70249291734
268 3.70249291734
269 3.70249291734
273 3.70249291734
274 3.70249291734
275 3.70249291734
278 3.70249291734
281 3.70249291734
96 3.71332867874
97 3.71332867874
99 3.71332867874
194 3.71570220749
120 3.71700489103
105 3.71847507405
135 3.71847507405
146 3.71847507405
271 3.72332584726
85 3.75602494762
87 3.75602494762
89 3.75602494762
90 3.75602494762
91 3.75602494762
92 3.75602494762
95 3.75602494762
102 3.75602494762
103 3.75602494762
104 3.75602494762
106 3.75602494762
110 3.75602494762
111 3.75602494762
112 3.75602494762
113 3.75602494762
114 3.75602494762
115 3.75602494762
116 3.75602494762
117 3.75602494762
118 3.75602494762
119 3.75602494762
121 3.75602494762
122 3.75602494762
123 3.75602494762
125 3.75602494762
126 3.75602494762
127 3.75602494762
128 3.75602494762
129 3.75602494762
130 3.75602494762
131 3.75602494762
132 3.75602494762
133 3.75602494762
134 3.75602494762
136 3.75602494762
137 3.75602494762
138 3.75602494762
140 3.75602494762
141 3.75602494762
142 3.75602494762
143 3.75602494762
144 3.75602494762
154 3.75602494762
159 3.75602494762
164 3.75602494762
165 3.75602494762
166 3.75602494762
167 3.75602494762
168 3.75602494762
170 3.75602494762
171 3.75602494762
173 3.75602494762
174 3.75602494762
175 3.75602494762
177 3.75602494762
178 3.75602494762
180 3.75602494762
181 3.75602494762
182 3.75602494762
184 3.75602494762
185 3.75602494762
186 3.75602494762
190 3.75602494762
191 3.75602494762
192 3.75602494762
193 3.75602494762
195 3.75602494762
197 3.75602494762
199 3.75602494762
204 3.75602494762
19 3.78528967519
38 3.78528967519
205 3.7877699173
202 3.79057108519
203 3.79057108519
63 3.79144406375
79 3.79144406375
227 3.82622760306
228 3.82622760306
229 3.82622760306
237 3.82622760306
240 3.82622760306
263 3.82729405739
49 3.8391420126
234 3.8391420126
272 3.91371625128
41 3.97072590104
98 3.9815253343
42 3.98323691795
16 3.98462912023
33 3.98462912023
124 3.9950151154
54 3.99589463446
55 3.99589463446
56 3.99589463446
57 3.99589463446
59 3.99589463446
60 3.99589463446
62 3.99589463446
64 3.99589463446
65 3.99589463446
66 3.99589463446
67 3.99589463446
68 3.99589463446
69 3.99589463446
70 3.99589463446
72 3.99589463446
73 3.99589463446
78 3.99589463446
80 3.99589463446
241 3.99589463446
242 3.99589463446
248 3.99589463446
32 4.04221979361
189 4.04956648417
88 4.05047222495
93 4.05047222495
187 4.05047222495
8 4.05203581314
43 4.05211632065
266 4.05301437838
226 4.05636244005
101 4.05744009882
172 4.05744009882
283 4.06916160389
230 4.08725797085
210 4.10743920993
53 4.11555616816
61 4.17867878102
276 4.21114835921
86 4.21655294478
13 4.24126892043
277 4.25497376967
200 4.25664024252
201 4.25664024252
82 4.26917278792
39 4.27502730708
81 4.27545707218
7 4.28060987226
25 4.31497869012
27 4.32158229285
9 4.40123176578
270 4.6138501004
279 4.68550402514
26 4.80632973042
24 4.96191843222
267 4.96191843222
222 5.01837625505
47 5.14441314502

