39 0.00358281938834
2 0.00351705096199
93 0.0028380541334
43 0.00282361912751
5 0.00274667380032
40 0.00272425870313
58 0.00260670935274
83 0.00250388814384
44 0.00244620030304
1 0.00244486835313
94 0.00240207062569
66 0.00237668859783
23 0.00235092258039
71 0.00234448096372
53 0.00231694880037
67 0.00225688930741
59 0.00220584205021
60 0.00220055435352
85 0.00219985195796
41 0.00219725508385
25 0.00215645782532
92 0.00214343404181
26 0.00210698514437
88 0.00210641934129
7 0.00209778855762
79 0.0020829704842
50 0.00208206519189
48 0.00205005428948
37 0.00204801722314
8 0.00203750571976
102 0.00203544254388
9 0.00201417299496
57 0.00197372367413
86 0.00193960668998
24 0.00193719968349
56 0.00193561824106
30 0.00193538361337
64 0.00193055328194
73 0.00191056452759
47 0.00189711487145
72 0.00185156627032
99 0.00182245071506
46 0.00181510706825
14 0.00179733669724
19 0.00179540435472
16 0.00178426134464
27 0.00177533916366
3 0.0017572445357
70 0.00175473242505
45 0.0017395089036
22 0.00173893428284
36 0.00173813248651
4 0.00173792962099
42 0.00173624512704
77 0.00173278679158
15 0.00173178439108
80 0.00172304781285
6 0.00166228288419
96 0.0016622512274
49 0.00166155780946
55 0.00166152014662
51 0.00166079111591
65 0.00166053831349
82 0.00166028253235
35 0.0016599015462
33 0.00165975931488
84 0.00165625563864
100 0.00164863213429
101 0.0016408053371
21 0.00163992294164
76 0.00163208127976
63 0.00160939696956
29 0.00160898091713
17 0.00159191973049
90 0.00158364789931
95 0.00158363454455
69 0.00158348904337
20 0.00158337682029
54 0.00158313831083
81 0.00158300624917
74 0.00158205846529
75 0.0015812075547
78 0.00158061396549
68 0.00157954561168
89 0.0015475138045
38 0.00152273923519
61 0.00150778095086
98 0.00150523217574
91 0.00150523217574
28 0.00150523217574
11 0.00150523217574
52 0.00150503550964
34 0.00150398092171
18 0.00150398092171
32 0.00150336257073
31 0.00150336257073
62 0.00149757362181
87 0.00149444026871
97 0.001485400271
0 0.0014566384234
12 0.00142582092006
10 0.00142582092006
13 0.00140091961537
