443 0.00223842921437
406 0.00217362065609
101 0.00211241967976
108 0.00207740550932
424 0.00207257424532
417 0.00205145132673
244 0.00204347843749
246 0.00201638118365
415 0.00201423897635
405 0.00201423897635
402 0.00201159690721
249 0.00199823257419
136 0.00199314316483
263 0.00198946458619
489 0.00198811187973
447 0.00198811187973
469 0.00198662568342
288 0.00198442276634
12 0.00197460592061
237 0.0019671562066
150 0.00195788574486
437 0.00195262515475
499 0.00192420484136
153 0.00192420484136
151 0.00192420484136
498 0.00192420484136
158 0.00192420484136
156 0.00192420484136
154 0.00192420484136
159 0.00192420484136
242 0.00192377078868
312 0.00191475620224
103 0.00191457683539
162 0.0019137906877
131 0.00191077209357
149 0.00190044668818
17 0.00189921097925
128 0.00189252601328
99 0.00188021044781
98 0.00188021044781
97 0.00188021044781
96 0.00188021044781
71 0.00188021044781
438 0.00186302503506
358 0.00185063036831
365 0.00184818015867
370 0.00184818015867
385 0.00184818015867
5 0.00184396300828
335 0.00184320971475
375 0.00183941007201
351 0.00183808834522
160 0.00183770911567
330 0.00182328428901
436 0.00182070708242
433 0.00181149677696
366 0.00180896299193
104 0.00179982656149
372 0.00179951061331
135 0.00179440234844
490 0.00179330368552
73 0.00178783013772
127 0.00178697207114
126 0.00178697207114
326 0.00178484358142
275 0.00178409571211
315 0.00178349615061
342 0.00178198872748
353 0.00178198872748
303 0.00178102252533
320 0.00177877551113
216 0.00177268309069
384 0.00177236690083
348 0.00177236690083
347 0.00177236690083
346 0.00177236690083
343 0.00177236690083
389 0.00177236690083
388 0.00177236690083
386 0.00177236690083
382 0.00177236690083
378 0.00177236690083
373 0.00177236690083
374 0.00177236690083
371 0.00177236690083
421 0.00177236690083
420 0.00177236690083
398 0.00177236690083
395 0.00177236690083
394 0.00177236690083
392 0.00177236690083
391 0.00177236690083
369 0.00177236690083
368 0.00177236690083
364 0.00177236690083
363 0.00177236690083
362 0.00177236690083
361 0.00177236690083
360 0.00177236690083
359 0.00177236690083
357 0.00177236690083
356 0.00177236690083
352 0.00177236690083
350 0.00177236690083
187 0.00177192802378
271 0.00176906154777
174 0.00176896487797
168 0.00176640267002
217 0.00176640267002
200 0.00176640267002
4 0.00176530317633
432 0.001748047847
314 0.00174624089808
311 0.00174549268736
250 0.00174250809068
123 0.0017410481715
328 0.0017407062364
279 0.00174065552433
231 0.00174036276882
454 0.00173751579668
121 0.00173622056521
125 0.00173571282918
134 0.00173456233074
376 0.00172974189117
344 0.00172493476971
397 0.00172259029997
122 0.00171777854223
409 0.0017176587378
354 0.0017073088192
119 0.00170563170772
118 0.00170563170772
120 0.00170563170772
124 0.00170563170772
319 0.00170272479384
317 0.00170272479384
316 0.00170272479384
309 0.00170272479384
308 0.00170272479384
306 0.00170272479384
305 0.00170272479384
304 0.00170272479384
302 0.00170272479384
289 0.00170272479384
286 0.00170272479384
285 0.00170272479384
284 0.00170272479384
283 0.00170272479384
281 0.00170272479384
278 0.00170272479384
277 0.00170272479384
329 0.00170272479384
327 0.00170272479384
325 0.00170272479384
324 0.00170272479384
323 0.00170272479384
321 0.00170272479384
297 0.00170272479384
296 0.00170272479384
293 0.00170272479384
336 0.00170272479384
155 0.00169385931933
337 0.00169235990346
100 0.0016906951475
0 0.0016896861609
223 0.00168877961488
192 0.00168877961488
189 0.00168877961488
188 0.00168877961488
181 0.00168877961488
180 0.00168877961488
228 0.00168877961488
227 0.00168877961488
226 0.00168877961488
224 0.00168877961488
222 0.00168877961488
221 0.00168877961488
185 0.00168877961488
184 0.00168877961488
183 0.00168877961488
182 0.00168877961488
179 0.00168877961488
177 0.00168877961488
176 0.00168877961488
175 0.00168877961488
171 0.00168877961488
205 0.00168877961488
186 0.00168877961488
219 0.00168877961488
218 0.00168877961488
204 0.00168877961488
199 0.00168877961488
198 0.00168877961488
193 0.00168877961488
191 0.00168877961488
207 0.00168877961488
206 0.00168877961488
201 0.00168877961488
203 0.00168877961488
209 0.00168877961488
202 0.00168877961488
190 0.00168877961488
169 0.00168877961488
233 0.00168877961488
232 0.00168877961488
230 0.00168877961488
208 0.00168877961488
195 0.00168877961488
194 0.00168877961488
212 0.00168877961488
211 0.00168877961488
197 0.00168877961488
196 0.00168877961488
332 0.00168414676011
106 0.00168041633002
274 0.00166701480587
313 0.00166640587566
140 0.00166200238584
477 0.00165999435871
476 0.00165999435871
474 0.00165999435871
473 0.00165999435871
472 0.00165999435871
459 0.00165999435871
458 0.00165999435871
457 0.00165999435871
456 0.00165999435871
455 0.00165999435871
453 0.00165999435871
452 0.00165999435871
451 0.00165999435871
450 0.00165999435871
485 0.00165999435871
484 0.00165999435871
480 0.00165999435871
479 0.00165999435871
478 0.00165999435871
471 0.00165999435871
470 0.00165999435871
482 0.00165999435871
468 0.00165999435871
467 0.00165999435871
466 0.00165999435871
464 0.00165999435871
462 0.00165999435871
463 0.00165999435871
461 0.00165999435871
460 0.00165999435871
72 0.00165993777112
292 0.00165512324279
414 0.0016546808516
161 0.00165358979024
225 0.00165074659169
396 0.00165020139554
434 0.0016431667335
295 0.0016431667335
229 0.00163966115647
86 0.00163676306549
84 0.00163676306549
486 0.00163629199932
299 0.00163436917671
465 0.001632987702
483 0.00163189394122
39 0.00163096757593
54 0.00163064660994
60 0.00163059359996
30 0.00163059359996
475 0.00162579940462
87 0.00161761974162
426 0.00161547620368
89 0.00161237864292
81 0.00161237864292
80 0.00161237864292
79 0.00161237864292
78 0.00161237864292
133 0.00160676855735
166 0.00160676855735
439 0.00160676855735
241 0.00160676855735
145 0.00160676855735
111 0.00160676855735
164 0.00159333020027
129 0.00159333020027
117 0.00159333020027
91 0.00158816141929
282 0.00158751854131
32 0.0015859853145
107 0.00158589754075
112 0.00158589754075
163 0.00158589754075
76 0.00158589754075
75 0.00158589754075
74 0.00158589754075
90 0.00158589754075
95 0.00157811097451
93 0.00157811097451
92 0.00157811097451
116 0.00157811097451
114 0.00157811097451
236 0.0015697283771
399 0.0015665645919
403 0.0015665645919
35 0.0015561592265
29 0.00155449918867
28 0.00155449918867
27 0.00155449918867
25 0.00155449918867
23 0.00155449918867
22 0.00155449918867
20 0.00155449918867
48 0.00155449918867
46 0.00155449918867
45 0.00155449918867
43 0.00155449918867
42 0.00155449918867
41 0.00155449918867
40 0.00155449918867
38 0.00155449918867
37 0.00155449918867
34 0.00155449918867
31 0.00155449918867
68 0.00155449918867
67 0.00155449918867
65 0.00155449918867
64 0.00155449918867
63 0.00155449918867
62 0.00155449918867
61 0.00155449918867
18 0.00155449918867
58 0.00155449918867
52 0.00155449918867
51 0.00155449918867
50 0.00155449918867
56 0.00155449918867
55 0.00155449918867
215 0.00155326134345
69 0.00155105963122
36 0.00155105963122
53 0.00154526380143
152 0.00154278770018
425 0.00154278770018
105 0.00154278770018
146 0.00152773545795
85 0.00152407052135
77 0.00152300267109
21 0.00151061477793
341 0.0015101884329
339 0.0015101884329
165 0.00150845032755
239 0.0015030394324
138 0.00149237451052
487 0.00148204763522
66 0.0014716482554
497 0.00147149490638
496 0.00147149490638
26 0.00146602731637
493 0.00145935631622
431 0.00145935631622
338 0.0014566384234
139 0.0014566384234
115 0.00145623033947
113 0.00145623033947
446 0.00145539056829
110 0.00145306491771
70 0.00145306491771
83 0.00145306491771
82 0.00145306491771
15 0.00145142172657
11 0.00145142172657
137 0.00145142172657
243 0.00145043445846
355 0.00144880942274
383 0.001443329912
387 0.001443329912
381 0.001443329912
300 0.00144031380895
411 0.00143556904253
252 0.00143302579373
261 0.00143193685242
291 0.00143067272109
340 0.00143067272109
266 0.00142429899256
430 0.00142268250374
491 0.00140661525906
24 0.00140488791396
88 0.00140414437416
44 0.0014041316535
167 0.00140194238987
33 0.00140110996351
19 0.00139859775825
10 0.00139859775825
481 0.0013955392471
367 0.00137919803089
495 0.00137919803089
492 0.00137919803089
407 0.00137919803089
379 0.00137919803089
377 0.00137919803089
349 0.00137919803089
390 0.00137919803089
380 0.00137919803089
393 0.00137919803089
435 0.00137919803089
148 0.0013735327844
144 0.0013735327844
449 0.0013735327844
448 0.0013735327844
445 0.0013735327844
444 0.0013735327844
442 0.0013735327844
441 0.0013735327844
440 0.0013735327844
334 0.0013735327844
331 0.0013735327844
157 0.0013735327844
147 0.0013735327844
94 0.0013735327844
408 0.0013735327844
404 0.0013735327844
401 0.0013735327844
400 0.0013735327844
238 0.0013735327844
235 0.0013735327844
234 0.0013735327844
143 0.0013735327844
141 0.0013735327844
132 0.0013735327844
130 0.0013735327844
429 0.0013735327844
428 0.0013735327844
427 0.0013735327844
423 0.0013735327844
422 0.0013735327844
419 0.0013735327844
418 0.0013735327844
248 0.0013735327844
142 0.0013735327844
109 0.0013735327844
102 0.0013735327844
3 0.0013735327844
2 0.0013735327844
1 0.0013735327844
416 0.0013735327844
413 0.0013735327844
412 0.0013735327844
410 0.0013735327844
247 0.0013735327844
240 0.0013735327844
245 0.0013735327844
345 0.00135636540719
267 0.00135636540719
265 0.00135636540719
264 0.00135636540719
262 0.00135636540719
257 0.00135636540719
256 0.00135636540719
255 0.00135636540719
254 0.00135636540719
253 0.00135636540719
251 0.00135636540719
322 0.00135636540719
318 0.00135636540719
268 0.00135636540719
260 0.00135636540719
259 0.00135636540719
258 0.00135636540719
494 0.00135636540719
333 0.00135636540719
310 0.00135636540719
307 0.00135636540719
301 0.00135636540719
287 0.00135636540719
280 0.00135636540719
276 0.00135636540719
273 0.00135636540719
272 0.00135636540719
270 0.00135636540719
269 0.00135636540719
298 0.00135636540719
294 0.00135636540719
290 0.00135636540719
488 0.00133236617219
214 0.00133236617219
220 0.00133236617219
213 0.00133236617219
210 0.00133236617219
178 0.00133236617219
173 0.00133236617219
172 0.00133236617219
170 0.00133236617219
16 0.00132621907412
14 0.00132621907412
13 0.00132621907412
57 0.00132621907412
59 0.00132621907412
47 0.00132621907412
9 0.00132621907412
8 0.00132621907412
7 0.00132621907412
6 0.00132621907412
49 0.00132621907412
