13 73.4023735161
10 75.1611468575
12 75.1611468575
87 77.6596916155
97 78.157314244
62 79.1839009421
61 79.6548497804
31 79.9894288134
32 79.9894288134
18 80.0462006692
34 80.0462006692
52 80.081763621
11 80.0843412351
28 80.0843412351
91 80.0843412351
98 80.0843412351
38 80.6285271196
89 82.6083161395
75 83.0938069554
68 83.6235522676
78 84.7841193896
17 84.8520121857
74 84.897761001
81 84.9363230918
69 84.9425853163
54 84.9645201065
20 84.9677160321
95 84.9709676854
90 84.9711070882
29 86.2858008406
63 86.2916519703
76 87.7760002488
100 88.2187715324
21 88.2966726695
101 88.465290823
84 88.9683154706
33 89.7090195334
82 89.7710192307
35 89.7946729159
51 89.8075063849
49 89.8169315937
65 89.8171601142
6 89.8267025891
55 89.8306951657
96 89.8402183519
80 92.3806503083
15 93.0407942501
3 93.3705262912
77 93.692163396
42 94.5425654046
4 94.5811157498
22 94.6074714228
36 94.6278555072
45 94.6741256938
70 95.1202232311
16 96.6975199102
27 96.7578609649
19 97.6102426759
14 97.7542262292
99 98.8225153079
46 99.426271987
72 100.867531683
47 103.55314815
73 105.081838836
56 106.148412267
24 106.212549018
64 106.397136317
30 106.572594957
86 106.878352662
57 108.690559835
9 110.939693349
102 112.327025627
37 113.026621948
48 113.054947261
8 113.094873293
79 115.552861328
7 115.707378137
50 115.877121369
26 116.509062466
88 117.019150797
92 119.43543689
25 119.784165573
59 123.132026063
41 123.213074148
60 123.347179595
85 123.353136424
67 126.408326389
53 129.492230695
71 130.889867293
23 132.770315674
66 133.46581533
94 133.47139082
1 136.216073766
44 137.491992903
83 142.211950046
58 148.738895365
5 155.203844254
40 156.158923009
43 161.00884683
93 162.870840971
2 204.555109602
39 209.272987974
