64 62.4624845154
5 63.1581385422
26 66.0237253357
31 66.0382139365
32 66.0824282102
41 66.0943791832
25 69.0286197814
44 69.6191250268
45 70.0779634184
36 70.1963200883
34 70.244558071
27 71.2533091134
21 74.0340082883
30 74.2940396692
48 74.3214277419
52 75.3662962112
49 76.6460086954
63 77.2441828528
22 77.4195875451
20 78.368549365
6 79.0669374469
60 79.1644860824
11 80.0660840696
24 81.3605373241
55 81.8846336443
16 83.5314468279
38 83.5706844558
10 84.7781067294
33 86.7681955867
28 86.8390407336
13 87.2637472952
18 90.2786115001
17 90.4723059899
65 90.5727028028
50 90.7545005535
37 91.2233388507
47 94.7836010157
29 94.8793533251
15 95.3224462878
46 95.450389033
39 95.6326647811
7 97.3885976905
3 97.5417098252
59 97.6723823723
42 97.7895875898
61 98.6887185357
62 98.7775884475
57 98.797197912
4 98.8121540054
58 104.007457339
12 105.20729441
14 107.727167446
56 108.594794184
53 109.015956344
23 110.884784304
8 114.381874664
19 115.927115697
43 122.171508136
9 127.201721136
2 131.440466813
1 133.55485939
51 136.297018104
35 138.909298546
40 139.137208851
54 143.603073092
