105 6.05583899227
106 6.05583899227
108 6.05583899227
109 6.05583899227
110 6.05583899227
111 6.05583899227
112 6.05583899227
113 6.05583899227
114 6.05583899227
115 6.05583899227
116 6.05583899227
117 6.05583899227
118 6.05583899227
119 6.05583899227
120 6.05583899227
121 6.05583899227
122 6.05583899227
123 6.05583899227
124 6.05583899227
125 6.05583899227
126 6.05583899227
127 6.05583899227
128 6.05583899227
129 6.05583899227
130 6.05583899227
131 6.05583899227
133 6.05583899227
134 6.05583899227
135 6.05583899227
137 6.05583899227
138 6.05583899227
139 6.05583899227
140 6.05583899227
141 6.05583899227
142 6.05583899227
143 6.05583899227
145 6.05583899227
146 6.05583899227
147 6.05583899227
148 6.05583899227
149 6.05583899227
150 6.05583899227
152 6.05583899227
153 6.05583899227
154 6.05583899227
155 6.05583899227
167 6.05583899227
168 6.05583899227
169 6.05583899227
268 6.334982717
132 6.45379651045
136 6.45379651045
107 6.45452103261
2 6.53682387642
3 6.53682387642
5 6.53682387642
6 6.53682387642
7 6.53682387642
8 6.53682387642
9 6.53682387642
11 6.53682387642
12 6.53682387642
13 6.53682387642
14 6.53682387642
15 6.53682387642
16 6.53682387642
51 6.53682387642
52 6.53682387642
54 6.53682387642
55 6.53682387642
56 6.53682387642
57 6.53682387642
58 6.53682387642
60 6.53682387642
61 6.53682387642
62 6.53682387642
63 6.53682387642
64 6.53682387642
65 6.53682387642
66 6.53682387642
67 6.53682387642
17 6.56108197677
166 6.6624565466
208 6.6624565466
228 6.6624565466
235 6.6624565466
262 6.74585285328
144 6.85446797346
50 6.9297863173
10 6.94450942
53 6.95093825661
59 6.95093825661
37 7.01041657503
103 7.05874933444
248 7.14757504705
79 7.21114825388
80 7.21114825388
81 7.21114825388
84 7.21114825388
87 7.21114825388
43 7.28332345826
28 7.2913266845
33 7.2913266845
31 7.29328299362
36 7.29328299362
267 7.33057144756
1 7.34577878836
4 7.35704414891
151 7.41968375874
243 7.59128198515
35 7.6897415958
70 7.69115071066
231 7.83291842184
258 7.84228175449
249 7.86675305996
252 7.86675305996
251 7.86746748524
19 7.88630690513
21 7.88630690513
22 7.88630690513
23 7.88630690513
26 7.88630690513
27 7.88630690513
29 7.88630690513
30 7.88630690513
32 7.88630690513
38 7.88630690513
39 7.88630690513
40 7.88630690513
41 7.88630690513
44 7.88630690513
45 7.88630690513
46 7.88630690513
47 7.88630690513
48 7.88630690513
49 7.88630690513
68 7.88630690513
69 7.88630690513
72 7.88630690513
71 7.97237096066
104 8.00447751116
25 8.07376369401
74 8.09330569032
75 8.09330569032
76 8.09330569032
77 8.09330569032
78 8.09330569032
85 8.09330569032
86 8.09330569032
88 8.09330569032
89 8.09330569032
90 8.09330569032
91 8.09330569032
92 8.09330569032
93 8.09330569032
94 8.09330569032
247 8.09905859032
97 8.11730141106
99 8.11730141106
100 8.11730141106
101 8.11730141106
156 8.11730141106
157 8.11730141106
158 8.11730141106
160 8.11730141106
161 8.11730141106
162 8.11730141106
82 8.17073002915
83 8.17073002915
34 8.18444220094
95 8.19862047779
237 8.25350771593
238 8.25350771593
239 8.25350771593
240 8.25350771593
241 8.25350771593
265 8.25350771593
266 8.25350771593
73 8.27423015373
18 8.29474764814
20 8.29474764814
24 8.29474764814
42 8.29889298801
250 8.33497182002
173 8.36354566096
174 8.36354566096
171 8.45830674711
184 8.48346441577
102 8.52068884665
159 8.52068884665
227 8.72676327933
165 8.76708273215
172 8.78155802762
220 8.79150172666
229 8.79150172666
230 8.79150172666
163 8.84191194952
175 8.96763354314
259 8.96763354314
98 8.9789592871
164 9.01312674519
96 9.11475923578
170 9.13745735563
176 9.25452363877
177 9.25452363877
178 9.25452363877
179 9.25452363877
180 9.25452363877
181 9.25452363877
182 9.25452363877
183 9.25452363877
185 9.25452363877
186 9.25452363877
187 9.25452363877
188 9.25452363877
189 9.25452363877
190 9.25452363877
191 9.25452363877
192 9.25452363877
193 9.25452363877
194 9.25452363877
195 9.25452363877
196 9.25452363877
197 9.25452363877
198 9.25452363877
199 9.25452363877
200 9.25452363877
201 9.25452363877
202 9.25452363877
203 9.25452363877
204 9.25452363877
205 9.25452363877
207 9.25452363877
209 9.25452363877
210 9.25452363877
211 9.25452363877
212 9.25452363877
213 9.25452363877
214 9.25452363877
215 9.25452363877
216 9.25452363877
217 9.25452363877
218 9.25452363877
219 9.25452363877
221 9.25452363877
222 9.25452363877
223 9.25452363877
224 9.25452363877
225 9.25452363877
226 9.25452363877
232 9.25452363877
233 9.25452363877
236 9.25452363877
242 9.25452363877
244 9.25452363877
245 9.25452363877
246 9.25452363877
253 9.25452363877
254 9.25452363877
255 9.25452363877
256 9.25452363877
257 9.25452363877
260 9.25452363877
261 9.25452363877
263 9.25452363877
264 9.25452363877
269 9.25452363877
206 9.37546652745
234 9.37546652745

