334 4.36889903258
368 4.36889903258
412 4.36889903258
413 4.36889903258
415 4.36889903258
416 4.36889903258
429 4.36889903258
430 4.36889903258
431 4.36889903258
437 4.43219398083
455 4.48388802572
283 4.56129261236
304 4.56761334134
359 4.59210517065
507 4.66600852445
343 4.67314810484
364 4.67314810484
514 4.71620697806
515 4.71620697806
517 4.71620697806
518 4.71620697806
130 4.735519544
545 4.735519544
170 4.75486123631
520 4.78099425917
523 4.78099425917
525 4.78099425917
531 4.78099425917
534 4.78099425917
314 4.79024199293
516 4.83522087732
306 4.83753687
308 4.83753687
6 4.87175107451
8 4.87175107451
9 4.87175107451
10 4.87175107451
13 4.87175107451
15 4.87175107451
17 4.87175107451
18 4.87175107451
19 4.87175107451
20 4.87175107451
22 4.87175107451
26 4.87175107451
27 4.87175107451
28 4.87175107451
39 4.87175107451
44 4.87175107451
45 4.87175107451
47 4.87175107451
48 4.87175107451
57 4.87175107451
58 4.87175107451
60 4.87175107451
61 4.87175107451
62 4.87175107451
63 4.87175107451
71 4.87175107451
72 4.87175107451
74 4.87175107451
89 4.87175107451
91 4.87175107451
94 4.87175107451
230 4.87175107451
285 4.87175107451
287 4.87175107451
305 4.87175107451
321 4.87175107451
363 4.87175107451
369 4.87175107451
432 4.87175107451
434 4.87175107451
439 4.87175107451
446 4.87175107451
456 4.87175107451
102 4.88272180206
103 4.88272180206
136 4.88272180206
143 4.88272180206
303 4.88272180206
313 4.88272180206
498 4.89639881876
544 4.90937941623
463 4.91165273115
414 4.92018769384
539 4.92018769384
546 4.96364209445
547 4.96364209445
312 4.96956037845
340 5.0098106049
511 5.01608803294
140 5.02451780509
344 5.03435515096
294 5.05758008342
288 5.06001736017
355 5.07355149145
275 5.09536051348
530 5.10611232572
24 5.11425825661
59 5.11425825661
135 5.1173132515
318 5.12812393168
499 5.13653860691
529 5.13653860691
540 5.13653860691
7 5.15811049349
100 5.15948071041
73 5.16125316266
42 5.16835724272
131 5.18363607859
435 5.27150792127
460 5.28362496289
350 5.29012517348
345 5.29139402145
445 5.30270010717
457 5.30270010717
458 5.30270010717
459 5.30270010717
461 5.30270010717
462 5.30270010717
465 5.30270010717
467 5.30270010717
468 5.30270010717
469 5.30270010717
470 5.30270010717
473 5.30270010717
476 5.30270010717
478 5.30270010717
479 5.30270010717
480 5.30270010717
485 5.30270010717
488 5.30270010717
492 5.30270010717
496 5.30270010717
502 5.30270010717
503 5.30270010717
528 5.30270010717
533 5.30270010717
535 5.30270010717
536 5.30270010717
537 5.30270010717
541 5.30270010717
542 5.30270010717
548 5.30270010717
551 5.30270010717
553 5.30270010717
557 5.30270010717
558 5.30270010717
337 5.30760260396
324 5.3108723773
323 5.34503029436
326 5.35719903376
353 5.35719903376
389 5.35719903376
512 5.36134349455
365 5.36424123878
325 5.37441890075
276 5.37606988542
327 5.38417418603
296 5.38687615528
291 5.38819052572
284 5.39343567924
144 5.40810569274
148 5.41724097939
99 5.42229879991
501 5.4293362836
316 5.45418015887
481 5.54513837744
495 5.54513837744
510 5.54513837744
486 5.54522825664
2 5.55695009993
11 5.55695009993
21 5.55695009993
23 5.55695009993
31 5.55695009993
32 5.55695009993
34 5.55695009993
35 5.55695009993
36 5.55695009993
37 5.55695009993
38 5.55695009993
76 5.55695009993
77 5.55695009993
78 5.55695009993
79 5.55695009993
80 5.55695009993
81 5.55695009993
82 5.55695009993
83 5.55695009993
84 5.55695009993
85 5.55695009993
86 5.55695009993
87 5.55695009993
329 5.55815389792
526 5.56670967751
133 5.58027471794
449 5.58955123903
471 5.58955123903
474 5.58955123903
483 5.58955123903
554 5.58966251861
538 5.59252290539
477 5.59578450798
366 5.59809973815
97 5.60994516781
101 5.60994516781
104 5.60994516781
105 5.60994516781
106 5.60994516781
108 5.60994516781
113 5.60994516781
114 5.60994516781
115 5.60994516781
128 5.60994516781
129 5.60994516781
139 5.60994516781
149 5.60994516781
150 5.60994516781
273 5.60994516781
278 5.60994516781
289 5.62754358455
292 5.62754358455
346 5.62754358455
356 5.63246810551
543 5.64158918857
397 5.67451868562
504 5.68813959172
505 5.68813959172
352 5.70457415457
328 5.7093229168
360 5.72903624558
354 5.75269762844
336 5.75343941344
146 5.77407172157
552 5.79856359455
371 5.79939943272
466 5.80452060128
424 5.80707352701
96 5.81414743319
475 5.81917383905
472 5.82796821362
322 5.83394895052
134 5.83732077748
1 5.84109617278
33 5.84109617278
4 5.84454093406
12 5.84454093406
30 5.84458905924
109 5.84923117488
370 5.84923117488
497 5.84923117488
451 5.85249217927
126 5.86227796026
357 5.86649470325
358 5.86649470325
361 5.86649470325
362 5.86649470325
442 5.86649470325
123 5.86719329662
279 5.86719329662
317 5.87462753094
494 5.8890505832
490 5.89023073708
464 5.89142223618
151 5.89330048614
298 5.89330048614
302 5.89462493215
269 5.89551224249
110 5.90833825793
450 5.92740013606
194 5.9889492302
195 5.9889492302
210 5.9889492302
405 5.99122928005
333 5.99346446313
491 6.01537801525
372 6.02476885135
373 6.02476885135
374 6.02476885135
375 6.02476885135
376 6.02476885135
377 6.02476885135
378 6.02476885135
379 6.02476885135
380 6.02476885135
381 6.02476885135
382 6.02476885135
383 6.02476885135
384 6.02476885135
385 6.02476885135
386 6.02476885135
387 6.02476885135
388 6.02476885135
390 6.02476885135
391 6.02476885135
393 6.02476885135
394 6.02476885135
395 6.02476885135
396 6.02476885135
398 6.02476885135
399 6.02476885135
404 6.02476885135
409 6.02476885135
410 6.02476885135
417 6.02476885135
418 6.02476885135
420 6.02476885135
421 6.02476885135
426 6.02476885135
436 6.02476885135
441 6.02476885135
443 6.02476885135
448 6.02476885135
489 6.02476885135
508 6.02476885135
509 6.02476885135
349 6.03456868271
422 6.03501339021
484 6.05579875243
487 6.05579875243
506 6.05579875243
521 6.05579875243
348 6.06251323457
335 6.07346452034
168 6.08297153892
259 6.08297153892
367 6.08435549387
392 6.08526052255
452 6.08665360459
145 6.09691463654
147 6.09691463654
75 6.09946265069
25 6.1133133691
293 6.1236273194
137 6.13043926298
268 6.13043926298
270 6.13043926298
274 6.13043926298
286 6.13043926298
300 6.13043926298
500 6.13358185069
29 6.14146119716
122 6.1478201948
295 6.15794844253
155 6.15801746827
156 6.15801746827
157 6.15801746827
158 6.15801746827
159 6.15801746827
160 6.15801746827
161 6.15801746827
163 6.15801746827
164 6.15801746827
166 6.15801746827
167 6.15801746827
169 6.15801746827
171 6.15801746827
172 6.15801746827
174 6.15801746827
175 6.15801746827
176 6.15801746827
178 6.15801746827
179 6.15801746827
180 6.15801746827
181 6.15801746827
182 6.15801746827
183 6.15801746827
184 6.15801746827
185 6.15801746827
186 6.15801746827
187 6.15801746827
188 6.15801746827
189 6.15801746827
190 6.15801746827
193 6.15801746827
196 6.15801746827
198 6.15801746827
199 6.15801746827
200 6.15801746827
201 6.15801746827
202 6.15801746827
203 6.15801746827
204 6.15801746827
205 6.15801746827
206 6.15801746827
207 6.15801746827
208 6.15801746827
209 6.15801746827
211 6.15801746827
212 6.15801746827
213 6.15801746827
215 6.15801746827
216 6.15801746827
217 6.15801746827
218 6.15801746827
219 6.15801746827
220 6.15801746827
221 6.15801746827
222 6.15801746827
223 6.15801746827
224 6.15801746827
227 6.15801746827
228 6.15801746827
229 6.15801746827
231 6.15801746827
232 6.15801746827
233 6.15801746827
234 6.15801746827
235 6.15801746827
236 6.15801746827
237 6.15801746827
238 6.15801746827
239 6.15801746827
240 6.15801746827
241 6.15801746827
242 6.15801746827
243 6.15801746827
244 6.15801746827
245 6.15801746827
246 6.15801746827
247 6.15801746827
248 6.15801746827
249 6.15801746827
250 6.15801746827
251 6.15801746827
252 6.15801746827
253 6.15801746827
255 6.15801746827
256 6.15801746827
257 6.15801746827
258 6.15801746827
260 6.15801746827
261 6.15801746827
262 6.15801746827
263 6.15801746827
264 6.15801746827
266 6.15801746827
267 6.15801746827
307 6.15801746827
550 6.1647213687
532 6.2100810078
332 6.22497706736
338 6.22497706736
453 6.22736257914
522 6.23508675733
107 6.23857002269
152 6.25061584824
154 6.25061584824
214 6.25061584824
493 6.26707786308
162 6.27666450131
191 6.2823055894
192 6.2823055894
197 6.2823055894
447 6.28920348555
351 6.29734682347
14 6.30648673895
116 6.32034185401
277 6.32165110545
173 6.34063901176
556 6.35007284596
519 6.35999407614
402 6.38219439677
425 6.41320161295
141 6.42103194739
282 6.42103194739
297 6.43083131043
118 6.43894342533
311 6.44947767659
339 6.44947767659
225 6.45964045006
299 6.45964045006
153 6.46198005689
226 6.46198005689
254 6.46198005689
3 6.47288793294
482 6.50751200927
549 6.50751200927
330 6.51424636444
331 6.51424636444
70 6.51497268588
111 6.51951408228
347 6.52361188286
90 6.52719002053
309 6.54269577046
165 6.54488169337
280 6.5453028178
69 6.54762634746
177 6.57765863171
524 6.57884292856
406 6.58616683269
407 6.58616683269
88 6.58650893758
16 6.59897952473
427 6.62697714519
319 6.63173966845
440 6.63285747272
265 6.67956242544
5 6.70080917452
138 6.70565352645
433 6.70935735522
124 6.71866232042
125 6.71866232042
117 6.72518342264
119 6.72518342264
120 6.72518342264
121 6.72518342264
281 6.7331238592
310 6.7461521093
290 6.75340138145
513 6.75767766754
40 6.77191054978
41 6.77191054978
400 6.78855333075
408 6.78855333075
411 6.79700100468
127 6.83475219453
95 6.85757066517
403 6.8675358831
142 6.87089191147
428 6.90560270598
315 6.95562320162
342 6.98091060924
132 6.98523523565
112 7.00939367357
527 7.02479969186
423 7.03694122158
454 7.04218651402
43 7.04909875648
419 7.06577562711
46 7.07002052755
49 7.07002052755
50 7.07002052755
51 7.07002052755
52 7.07002052755
53 7.07002052755
54 7.07002052755
55 7.07002052755
56 7.07002052755
301 7.11420375833
444 7.16073822744
65 7.18266624159
438 7.22544006235
64 7.23609976891
66 7.23609976891
92 7.23609976891
98 7.23609976891
320 7.26196535141
401 7.34928212648
67 7.50493254469
93 7.56740377972
271 7.56765683011
341 7.58357460155
68 7.74058870681
555 7.74058870681
272 7.84885838576

