8 0.002716741248
14 0.00262962703038
28 0.00258637733287
52 0.00257597211719
35 0.00256200952141
9 0.00249690155424
53 0.00248554643897
26 0.00238615744733
15 0.00233149301377
21 0.00226126455095
55 0.00226089325217
11 0.00216872125347
13 0.00214294606917
24 0.00211204117906
50 0.00207947035357
10 0.00204774374831
60 0.0020359903476
42 0.00202332041935
22 0.0020223700736
61 0.00201971957397
27 0.00200732198394
64 0.00198060308457
69 0.00197581865839
40 0.00197301327082
67 0.00195748496934
48 0.00191728250314
47 0.00191719320607
23 0.00191317631756
39 0.00190863135836
20 0.00188947673889
65 0.00187916719891
36 0.00187563193753
2 0.00185559206872
4 0.00185476886483
30 0.00183351588769
19 0.00181494728533
33 0.00180627394334
18 0.00179210831473
31 0.00177622355785
41 0.0017749490583
46 0.00174233771814
34 0.00173489256625
56 0.00173101067515
44 0.00172176544325
12 0.00171881558623
37 0.00170530731879
66 0.0017013090186
59 0.00170064015985
63 0.00163521684627
49 0.00163232966995
16 0.0016285272029
7 0.00161321123783
29 0.0016039917379
32 0.00159868357081
58 0.00157663278879
6 0.00156404565989
25 0.0015582769118
5 0.00155802266799
38 0.00155564594389
54 0.00155386699782
1 0.00154282087169
3 0.00153909919792
51 0.00153686311608
45 0.00148925455856
68 0.00147006600198
0 0.00146252336709
17 0.00137725972061
43 0.00134791358118
57 0.00131417298489
62 0.00129153728017
