431 6.2299433891
430 6.2299433891
429 6.2299433891
416 6.2299433891
415 6.2299433891
413 6.2299433891
412 6.2299433891
368 6.2299433891
334 6.2299433891
437 6.16664844085
455 6.11495439596
283 6.03754980932
304 6.03122908034
359 6.00673725103
507 5.93283389723
364 5.92569431684
343 5.92569431684
518 5.88263544362
517 5.88263544362
515 5.88263544362
514 5.88263544362
545 5.86332287768
130 5.86332287768
170 5.84398118537
534 5.81784816251
531 5.81784816251
525 5.81784816251
523 5.81784816251
520 5.81784816251
314 5.80860042875
516 5.76362154436
308 5.76130555168
306 5.76130555168
456 5.72709134717
446 5.72709134717
439 5.72709134717
434 5.72709134717
432 5.72709134717
369 5.72709134717
363 5.72709134717
321 5.72709134717
305 5.72709134717
287 5.72709134717
285 5.72709134717
230 5.72709134717
94 5.72709134717
91 5.72709134717
89 5.72709134717
74 5.72709134717
72 5.72709134717
71 5.72709134717
63 5.72709134717
62 5.72709134717
61 5.72709134717
60 5.72709134717
58 5.72709134717
57 5.72709134717
48 5.72709134717
47 5.72709134717
45 5.72709134717
44 5.72709134717
39 5.72709134717
28 5.72709134717
27 5.72709134717
26 5.72709134717
22 5.72709134717
20 5.72709134717
19 5.72709134717
18 5.72709134717
17 5.72709134717
15 5.72709134717
13 5.72709134717
10 5.72709134717
9 5.72709134717
8 5.72709134717
6 5.72709134717
313 5.71612061962
303 5.71612061962
143 5.71612061962
136 5.71612061962
103 5.71612061962
102 5.71612061962
498 5.70244360292
544 5.68946300545
463 5.68718969053
539 5.67865472784
414 5.67865472784
547 5.63520032723
546 5.63520032723
312 5.62928204323
340 5.58903181678
511 5.58275438874
140 5.57432461659
344 5.56448727072
294 5.54126233826
288 5.53882506152
355 5.52529093023
275 5.5034819082
530 5.49273009596
59 5.48458416507
24 5.48458416507
135 5.48152917018
318 5.47071849
540 5.46230381477
529 5.46230381477
499 5.46230381477
7 5.44073192819
100 5.43936171127
73 5.43758925902
42 5.43048517896
131 5.41520634309
435 5.32733450041
460 5.31521745879
350 5.3087172482
345 5.30744840023
558 5.29614231451
557 5.29614231451
553 5.29614231451
551 5.29614231451
548 5.29614231451
542 5.29614231451
541 5.29614231451
537 5.29614231451
536 5.29614231451
535 5.29614231451
533 5.29614231451
528 5.29614231451
503 5.29614231451
502 5.29614231451
496 5.29614231451
492 5.29614231451
488 5.29614231451
485 5.29614231451
480 5.29614231451
479 5.29614231451
478 5.29614231451
476 5.29614231451
473 5.29614231451
470 5.29614231451
469 5.29614231451
468 5.29614231451
467 5.29614231451
465 5.29614231451
462 5.29614231451
461 5.29614231451
459 5.29614231451
458 5.29614231451
457 5.29614231451
445 5.29614231451
337 5.29123981772
324 5.28797004438
323 5.25381212732
389 5.24164338792
353 5.24164338792
326 5.24164338792
512 5.23749892713
365 5.2346011829
325 5.22442352093
276 5.22277253626
327 5.21466823565
296 5.2119662664
291 5.21065189596
284 5.20540674244
144 5.19073672894
148 5.18160144229
99 5.17654362177
501 5.16950613808
316 5.14466226281
510 5.05370404424
495 5.05370404424
481 5.05370404424
486 5.05361416504
87 5.04189232175
86 5.04189232175
85 5.04189232175
84 5.04189232175
83 5.04189232175
82 5.04189232175
81 5.04189232175
80 5.04189232175
79 5.04189232175
78 5.04189232175
77 5.04189232175
76 5.04189232175
38 5.04189232175
37 5.04189232175
36 5.04189232175
35 5.04189232175
34 5.04189232175
32 5.04189232175
31 5.04189232175
23 5.04189232175
21 5.04189232175
11 5.04189232175
2 5.04189232175
329 5.04068852376
526 5.03213274417
133 5.01856770374
483 5.00929118265
474 5.00929118265
471 5.00929118265
449 5.00929118265
554 5.00917990307
538 5.00631951629
477 5.0030579137
366 5.00074268353
278 4.98889725387
273 4.98889725387
150 4.98889725387
149 4.98889725387
139 4.98889725387
129 4.98889725387
128 4.98889725387
115 4.98889725387
114 4.98889725387
113 4.98889725387
108 4.98889725387
106 4.98889725387
105 4.98889725387
104 4.98889725387
101 4.98889725387
97 4.98889725387
346 4.97129883713
292 4.97129883713
289 4.97129883713
356 4.96637431617
543 4.95725323311
397 4.92432373606
505 4.91070282996
504 4.91070282996
352 4.89426826711
328 4.88951950488
360 4.8698061761
354 4.84614479324
336 4.84540300824
146 4.82477070011
552 4.80027882713
371 4.79944298896
466 4.7943218204
424 4.79176889467
96 4.78469498849
475 4.77966858263
472 4.77087420806
322 4.76489347116
134 4.7615216442
33 4.7577462489
1 4.7577462489
12 4.75430148762
4 4.75430148762
30 4.75425336244
497 4.7496112468
370 4.7496112468
109 4.7496112468
451 4.74635024241
126 4.73656446142
442 4.73234771843
362 4.73234771843
361 4.73234771843
358 4.73234771843
357 4.73234771843
279 4.73164912506
123 4.73164912506
317 4.72421489074
494 4.70979183848
490 4.7086116846
464 4.7074201855
298 4.70554193554
151 4.70554193554
302 4.70421748953
269 4.70333017919
110 4.69050416375
450 4.67144228562
210 4.60989319148
195 4.60989319148
194 4.60989319148
405 4.60761314163
333 4.60537795855
491 4.58346440643
509 4.57407357033
508 4.57407357033
489 4.57407357033
448 4.57407357033
443 4.57407357033
441 4.57407357033
436 4.57407357033
426 4.57407357033
421 4.57407357033
420 4.57407357033
418 4.57407357033
417 4.57407357033
410 4.57407357033
409 4.57407357033
404 4.57407357033
399 4.57407357033
398 4.57407357033
396 4.57407357033
395 4.57407357033
394 4.57407357033
393 4.57407357033
391 4.57407357033
390 4.57407357033
388 4.57407357033
387 4.57407357033
386 4.57407357033
385 4.57407357033
384 4.57407357033
383 4.57407357033
382 4.57407357033
381 4.57407357033
380 4.57407357033
379 4.57407357033
378 4.57407357033
377 4.57407357033
376 4.57407357033
375 4.57407357033
374 4.57407357033
373 4.57407357033
372 4.57407357033
349 4.56427373897
422 4.56382903147
521 4.54304366925
506 4.54304366925
487 4.54304366925
484 4.54304366925
348 4.53632918711
335 4.52537790134
259 4.51587088276
168 4.51587088276
367 4.51448692781
392 4.51358189913
452 4.51218881709
147 4.50192778514
145 4.50192778514
75 4.49937977099
25 4.48552905258
293 4.47521510228
300 4.4684031587
286 4.4684031587
274 4.4684031587
270 4.4684031587
268 4.4684031587
137 4.4684031587
500 4.46526057099
29 4.45738122452
122 4.45102222688
295 4.44089397915
307 4.44082495341
267 4.44082495341
266 4.44082495341
264 4.44082495341
263 4.44082495341
262 4.44082495341
261 4.44082495341
260 4.44082495341
258 4.44082495341
257 4.44082495341
256 4.44082495341
255 4.44082495341
253 4.44082495341
252 4.44082495341
251 4.44082495341
250 4.44082495341
249 4.44082495341
248 4.44082495341
247 4.44082495341
246 4.44082495341
245 4.44082495341
244 4.44082495341
243 4.44082495341
242 4.44082495341
241 4.44082495341
240 4.44082495341
239 4.44082495341
238 4.44082495341
237 4.44082495341
236 4.44082495341
235 4.44082495341
234 4.44082495341
233 4.44082495341
232 4.44082495341
231 4.44082495341
229 4.44082495341
228 4.44082495341
227 4.44082495341
224 4.44082495341
223 4.44082495341
222 4.44082495341
221 4.44082495341
220 4.44082495341
219 4.44082495341
218 4.44082495341
217 4.44082495341
216 4.44082495341
215 4.44082495341
213 4.44082495341
212 4.44082495341
211 4.44082495341
209 4.44082495341
208 4.44082495341
207 4.44082495341
206 4.44082495341
205 4.44082495341
204 4.44082495341
203 4.44082495341
202 4.44082495341
201 4.44082495341
200 4.44082495341
199 4.44082495341
198 4.44082495341
196 4.44082495341
193 4.44082495341
190 4.44082495341
189 4.44082495341
188 4.44082495341
187 4.44082495341
186 4.44082495341
185 4.44082495341
184 4.44082495341
183 4.44082495341
182 4.44082495341
181 4.44082495341
180 4.44082495341
179 4.44082495341
178 4.44082495341
176 4.44082495341
175 4.44082495341
174 4.44082495341
172 4.44082495341
171 4.44082495341
169 4.44082495341
167 4.44082495341
166 4.44082495341
164 4.44082495341
163 4.44082495341
161 4.44082495341
160 4.44082495341
159 4.44082495341
158 4.44082495341
157 4.44082495341
156 4.44082495341
155 4.44082495341
550 4.43412105298
532 4.38876141388
338 4.37386535432
332 4.37386535432
453 4.37147984254
522 4.36375566435
107 4.36027239899
214 4.34822657344
154 4.34822657344
152 4.34822657344
493 4.3317645586
162 4.32217792037
197 4.31653683228
192 4.31653683228
191 4.31653683228
447 4.30963893613
351 4.30149559821
14 4.29235568274
116 4.27850056767
277 4.27719131623
173 4.25820340992
556 4.24876957572
519 4.23884834554
402 4.21664802491
425 4.18564080873
282 4.17781047429
141 4.17781047429
297 4.16801111125
118 4.15989899635
339 4.14936474509
311 4.14936474509
299 4.13920197162
225 4.13920197162
254 4.13686236479
226 4.13686236479
153 4.13686236479
3 4.12595448874
549 4.09133041241
482 4.09133041241
331 4.08459605724
330 4.08459605724
70 4.0838697358
111 4.0793283394
347 4.07523053882
90 4.07165240115
309 4.05614665122
165 4.05396072831
280 4.05353960388
69 4.05121607422
177 4.02118378997
524 4.01999949312
407 4.01267558899
406 4.01267558899
88 4.0123334841
16 3.99986289695
427 3.97186527649
319 3.96710275323
440 3.96598494896
265 3.91927999624
5 3.89803324716
138 3.89318889523
433 3.88948506646
125 3.88018010126
124 3.88018010126
121 3.87365899904
120 3.87365899904
119 3.87365899904
117 3.87365899904
281 3.86571856248
310 3.85269031238
290 3.84544104023
513 3.84116475414
41 3.8269318719
40 3.8269318719
408 3.81028909093
400 3.81028909093
411 3.801841417
127 3.76409022715
95 3.74127175651
403 3.73130653858
142 3.72795051021
428 3.6932397157
315 3.64321922006
342 3.61793181244
132 3.61360718603
112 3.58944874811
527 3.57404272982
423 3.5619012001
454 3.55665590766
43 3.5497436652
419 3.53306679457
56 3.52882189413
55 3.52882189413
54 3.52882189413
53 3.52882189413
52 3.52882189413
51 3.52882189413
50 3.52882189413
49 3.52882189413
46 3.52882189413
301 3.48463866335
444 3.43810419424
65 3.41617618009
438 3.37340235933
98 3.36274265277
92 3.36274265277
66 3.36274265277
64 3.36274265277
320 3.33687707027
401 3.2495602952
67 3.09390987699
93 3.03143864196
271 3.03118559157
341 3.01526782013
555 2.85825371487
68 2.85825371487
272 2.74998403592

