62 221.393304376
57 218.674814791
43 214.079551247
17 212.149234624
68 201.074553136
45 198.238235738
3 193.469407972
51 193.154413918
1 193.150304129
38 191.982364228
54 190.708674264
5 190.607406747
25 190.197025397
6 190.046008268
58 188.644769865
32 186.485657774
29 185.212764959
7 184.886631701
16 183.618532462
49 182.359495431
63 182.168597309
37 176.138281617
59 175.990455884
66 174.770118116
12 173.477381985
44 173.469139011
56 171.434064555
34 171.360748112
46 169.919077662
41 167.09219601
31 166.520686669
18 165.222761467
33 162.700807976
19 161.778414672
2 159.732832646
30 159.575465746
4 157.266726508
36 155.045550068
65 154.993562045
20 154.124617204
39 152.548054522
23 151.244602248
47 150.978347652
48 150.866994712
67 146.586051896
40 144.641972118
69 144.435127846
64 143.618411807
27 140.853069036
22 139.622648622
42 139.23388745
61 139.014386649
60 137.058894646
10 136.663124121
50 132.572357048
24 128.565526433
13 125.445989964
11 123.195988149
21 112.052712113
55 111.947545974
15 104.870563557
26 99.7383464899
53 87.4578438707
9 86.1103251417
35 78.849001905
52 77.7352411224
28 76.7132512462
14 71.7600537482
8 64.035849841
