62 0.0027545213007
57 0.00272596000195
43 0.00268417799664
17 0.00264674781086
0 0.00254003213628
68 0.00253053605958
45 0.00250710453393
51 0.00244732218955
3 0.00244507288934
1 0.00244021636495
54 0.00242652504358
38 0.00242332484391
5 0.00242099986238
25 0.00242055936845
6 0.00241317294812
58 0.00239777193292
32 0.00237135229392
29 0.00236333699868
7 0.00235212856618
16 0.00233210894114
49 0.00232768567126
63 0.00232397140287
59 0.00224209648716
66 0.00224150664821
37 0.00223881339395
12 0.00221981399408
44 0.00221644405788
56 0.0022043470454
34 0.00220006614825
46 0.0021901741731
41 0.00214884868478
31 0.00214713865265
18 0.00212629392304
33 0.00210955873739
19 0.00209761514526
30 0.00207610725172
4 0.00204969247669
2 0.00204915376655
36 0.00202326339393
65 0.0020179457514
20 0.00200413533204
39 0.00198203420257
23 0.00197534577022
47 0.0019738844034
48 0.00197203178113
67 0.00192042341037
40 0.00190071414066
69 0.00189750325564
64 0.00189131814969
27 0.00185846164148
61 0.0018422616324
22 0.00183896258713
42 0.00183801714473
60 0.00182168555254
10 0.00180761612996
50 0.00176810352983
24 0.00172640646046
13 0.00168790085514
11 0.00165437999024
21 0.00154030116488
55 0.00154025684316
15 0.00145248738795
26 0.00138341331021
53 0.00125949326995
9 0.00124404327869
35 0.00116357243414
52 0.00114611955958
28 0.00113455983827
14 0.00107881704298
8 0.000971166310191
