429 0.00194471175835
416 0.00194471175835
415 0.00194471175835
413 0.00194471175835
412 0.00194471175835
368 0.00194471175835
334 0.00194471175835
430 0.00194471175835
431 0.00194471175835
437 0.00191893999908
283 0.00189817181832
455 0.00189640083264
304 0.00187306378177
518 0.00186785383326
517 0.00186785383326
515 0.00186785383326
514 0.00186785383326
507 0.00186231626565
359 0.00186162281683
364 0.00185898673092
343 0.00185898673092
170 0.00184633673067
534 0.00183421540906
525 0.00183421540906
523 0.00183421540906
520 0.00183421540906
531 0.00183421540906
456 0.00182718262645
439 0.00182718262645
432 0.00182718262645
369 0.00182718262645
321 0.00182718262645
94 0.00182718262645
63 0.00182718262645
62 0.00182718262645
61 0.00182718262645
60 0.00182718262645
58 0.00182718262645
57 0.00182718262645
19 0.00182718262645
18 0.00182718262645
17 0.00182718262645
15 0.00182718262645
13 0.00182718262645
10 0.00182718262645
91 0.00182718262645
28 0.00182718262645
27 0.00182718262645
20 0.00182718262645
446 0.00182718262645
39 0.00182718262645
26 0.00182718262645
22 0.00182718262645
363 0.00182718262645
305 0.00182718262645
287 0.00182718262645
285 0.00182718262645
230 0.00182718262645
74 0.00182718262645
72 0.00182718262645
71 0.00182718262645
48 0.00182718262645
47 0.00182718262645
45 0.00182718262645
44 0.00182718262645
434 0.00182718262645
89 0.00182718262645
9 0.00182718262645
8 0.00182718262645
6 0.00182718262645
545 0.00182700218491
130 0.00182700218491
314 0.00181544803155
498 0.00180693896744
313 0.00180314408851
136 0.00180314408851
303 0.00180314408851
143 0.00180314408851
103 0.00180314408851
102 0.00180314408851
516 0.00179431111831
308 0.00179319252819
306 0.00179319252819
539 0.00178858489613
414 0.00178858489613
544 0.00177292148175
547 0.00176652451626
546 0.00176652451626
344 0.00176168973509
59 0.00176017905939
24 0.00176017905939
294 0.00175457478874
463 0.00174992670265
340 0.00174365420624
511 0.00174188333904
355 0.0017406765131
7 0.00173956619761
100 0.00173898267681
529 0.00173844107063
540 0.00173844107063
499 0.00173844107063
288 0.0017383073812
73 0.00173812105366
42 0.00173475691838
140 0.00173429760203
312 0.00173004022917
135 0.00172906884717
530 0.00171053043418
318 0.00170587132497
131 0.00170293167965
467 0.00169196813642
548 0.00169196813642
542 0.00169196813642
541 0.00169196813642
503 0.00169196813642
502 0.00169196813642
488 0.00169196813642
485 0.00169196813642
480 0.00169196813642
469 0.00169196813642
468 0.00169196813642
465 0.00169196813642
462 0.00169196813642
461 0.00169196813642
558 0.00169196813642
557 0.00169196813642
553 0.00169196813642
551 0.00169196813642
459 0.00169196813642
458 0.00169196813642
457 0.00169196813642
537 0.00169196813642
536 0.00169196813642
535 0.00169196813642
533 0.00169196813642
496 0.00169196813642
492 0.00169196813642
479 0.00169196813642
478 0.00169196813642
476 0.00169196813642
473 0.00169196813642
470 0.00169196813642
445 0.00169196813642
528 0.00169196813642
275 0.00167520170449
291 0.00167327271678
460 0.00167240120723
365 0.00166742123459
323 0.00166270067681
345 0.00165948428473
99 0.00165750437354
350 0.0016570565448
324 0.00165540751198
337 0.00165202084712
276 0.00165071644105
353 0.00164484780207
326 0.00164484780207
389 0.00164484780207
148 0.00164016353343
435 0.00163398139658
327 0.00163310134347
512 0.00162690694863
284 0.00162633257158
510 0.00162505201292
481 0.00162505201292
495 0.00162505201292
296 0.00162449203192
325 0.00162338222022
144 0.00161952772558
316 0.00161814481875
526 0.00161134471693
501 0.00160830476042
366 0.00160451918456
38 0.00160436882334
37 0.00160436882334
36 0.00160436882334
35 0.00160436882334
34 0.00160436882334
32 0.00160436882334
31 0.00160436882334
87 0.00160436882334
86 0.00160436882334
85 0.00160436882334
84 0.00160436882334
83 0.00160436882334
82 0.00160436882334
81 0.00160436882334
80 0.00160436882334
79 0.00160436882334
78 0.00160436882334
77 0.00160436882334
76 0.00160436882334
2 0.00160436882334
23 0.00160436882334
21 0.00160436882334
11 0.00160436882334
483 0.00160422684116
474 0.00160422684116
471 0.00160422684116
449 0.00160422684116
554 0.00160412346456
538 0.00160281059929
477 0.00159995672198
486 0.00159127242251
278 0.00159092874567
273 0.00159092874567
150 0.00159092874567
129 0.00159092874567
128 0.00159092874567
97 0.00159092874567
139 0.00159092874567
149 0.00159092874567
115 0.00159092874567
113 0.00159092874567
108 0.00159092874567
106 0.00159092874567
105 0.00159092874567
104 0.00159092874567
101 0.00159092874567
114 0.00159092874567
133 0.00157408398963
329 0.0015708620778
356 0.00156835220355
346 0.00156342026443
289 0.00156342026443
292 0.00156342026443
352 0.00155765781444
504 0.00155509275023
505 0.00155509275023
354 0.00154810966078
466 0.00154647759638
210 0.0015414895134
195 0.0015414895134
194 0.0015414895134
475 0.00154042185458
472 0.00153909276746
371 0.00153885035288
552 0.00153770406338
96 0.00153525642969
134 0.00152822925747
497 0.00152538534495
370 0.00152538534495
109 0.00152538534495
328 0.00152387683302
33 0.00151770255114
1 0.00151770255114
0 0.00151696894395
322 0.0015163660146
30 0.00151609317294
12 0.00151483388913
4 0.00151483388913
360 0.0015134773689
279 0.00151340473382
123 0.00151340473382
494 0.00151033737976
490 0.00150979228655
464 0.00150923172198
209 0.0015080108785
208 0.0015080108785
202 0.0015080108785
248 0.0015080108785
203 0.0015080108785
200 0.0015080108785
198 0.0015080108785
249 0.0015080108785
246 0.0015080108785
206 0.0015080108785
201 0.0015080108785
199 0.0015080108785
157 0.0015080108785
156 0.0015080108785
247 0.0015080108785
245 0.0015080108785
244 0.0015080108785
243 0.0015080108785
242 0.0015080108785
241 0.0015080108785
240 0.0015080108785
218 0.0015080108785
217 0.0015080108785
216 0.0015080108785
215 0.0015080108785
213 0.0015080108785
212 0.0015080108785
211 0.0015080108785
207 0.0015080108785
204 0.0015080108785
196 0.0015080108785
190 0.0015080108785
178 0.0015080108785
176 0.0015080108785
175 0.0015080108785
174 0.0015080108785
172 0.0015080108785
171 0.0015080108785
158 0.0015080108785
155 0.0015080108785
258 0.0015080108785
255 0.0015080108785
253 0.0015080108785
252 0.0015080108785
251 0.0015080108785
219 0.0015080108785
205 0.0015080108785
179 0.0015080108785
159 0.0015080108785
257 0.0015080108785
256 0.0015080108785
187 0.0015080108785
186 0.0015080108785
185 0.0015080108785
184 0.0015080108785
307 0.0015080108785
267 0.0015080108785
266 0.0015080108785
264 0.0015080108785
250 0.0015080108785
239 0.0015080108785
238 0.0015080108785
237 0.0015080108785
236 0.0015080108785
235 0.0015080108785
234 0.0015080108785
233 0.0015080108785
232 0.0015080108785
231 0.0015080108785
229 0.0015080108785
228 0.0015080108785
189 0.0015080108785
188 0.0015080108785
183 0.0015080108785
182 0.0015080108785
181 0.0015080108785
180 0.0015080108785
263 0.0015080108785
262 0.0015080108785
261 0.0015080108785
260 0.0015080108785
227 0.0015080108785
224 0.0015080108785
223 0.0015080108785
222 0.0015080108785
221 0.0015080108785
220 0.0015080108785
169 0.0015080108785
160 0.0015080108785
193 0.0015080108785
164 0.0015080108785
163 0.0015080108785
161 0.0015080108785
167 0.0015080108785
166 0.0015080108785
358 0.00150528811203
357 0.00150528811203
361 0.00150528811203
442 0.00150528811203
362 0.00150528811203
151 0.00150472534833
298 0.00150472534833
269 0.00150365456014
168 0.00150118265672
259 0.00150118265672
146 0.00149750381458
397 0.00149694597357
336 0.0014914259456
126 0.00148503797225
110 0.00148452259289
426 0.00147963890489
421 0.00147963890489
420 0.00147963890489
399 0.00147963890489
398 0.00147963890489
396 0.00147963890489
395 0.00147963890489
394 0.00147963890489
393 0.00147963890489
391 0.00147963890489
390 0.00147963890489
373 0.00147963890489
418 0.00147963890489
443 0.00147963890489
417 0.00147963890489
509 0.00147963890489
448 0.00147963890489
410 0.00147963890489
388 0.00147963890489
383 0.00147963890489
508 0.00147963890489
489 0.00147963890489
441 0.00147963890489
409 0.00147963890489
404 0.00147963890489
387 0.00147963890489
386 0.00147963890489
385 0.00147963890489
384 0.00147963890489
382 0.00147963890489
381 0.00147963890489
380 0.00147963890489
379 0.00147963890489
378 0.00147963890489
377 0.00147963890489
376 0.00147963890489
375 0.00147963890489
374 0.00147963890489
372 0.00147963890489
436 0.00147963890489
506 0.00147605482031
487 0.00147605482031
484 0.00147605482031
521 0.00147605482031
317 0.00147306561655
543 0.00147272622765
333 0.00146859779581
491 0.00146369530837
405 0.00146316601437
214 0.00146161827708
154 0.00146161827708
152 0.00146161827708
25 0.00145945884118
451 0.00145757869927
424 0.00145728370778
162 0.00145298491227
450 0.00145167084654
392 0.00145135248517
197 0.00145031746143
192 0.00145031746143
191 0.00145031746143
349 0.00144554889142
75 0.00143950111543
500 0.00143882756818
335 0.00143195614318
348 0.00143101050757
268 0.00143032054282
137 0.00143032054282
286 0.00143032054282
274 0.00143032054282
270 0.00143032054282
300 0.00143032054282
122 0.00142831386237
295 0.00142356674517
29 0.00142342407455
293 0.00142319543021
173 0.00142318150502
532 0.0014231745742
453 0.00142271879433
550 0.00142262115411
147 0.00142160921063
145 0.00142160921063
493 0.00141444278804
302 0.00141434041829
225 0.00141286829542
299 0.00141286829542
226 0.00141179963319
254 0.00141179963319
153 0.00141179963319
367 0.00141090458834
522 0.00140713309875
422 0.00140540259182
452 0.00139434555808
519 0.00139031506125
14 0.001379531768
338 0.00137560139751
332 0.00137560139751
165 0.00136990306396
351 0.00136743601622
556 0.00136092452132
277 0.00135862819899
402 0.00135834654336
107 0.00135666428141
447 0.00135147002508
141 0.00134048227045
282 0.00134048227045
69 0.00133942507587
118 0.00133839487831
297 0.00133370977612
549 0.00133272899326
482 0.00133272899326
3 0.00133174403529
90 0.00131795317553
331 0.00131718832712
330 0.00131718832712
177 0.00130672350516
440 0.00130548462283
311 0.00129691702535
339 0.00129691702535
116 0.00129256453809
425 0.00128941314079
280 0.00128480277403
265 0.00128260271508
111 0.00127765815954
88 0.00127502374269
347 0.00127444655406
70 0.00127251148468
16 0.00126651002296
309 0.00126034271255
524 0.00125873412401
125 0.00125364354646
124 0.00125364354646
138 0.00125215919307
121 0.00125058125005
120 0.00125058125005
119 0.00125058125005
117 0.00125058125005
5 0.00124643066944
281 0.00124544217945
433 0.00122859933345
407 0.00122854235631
406 0.00122854235631
310 0.00122546627907
319 0.0012230468827
41 0.00121764175343
40 0.00121764175343
290 0.00121238934653
513 0.00121111713717
427 0.00119973674973
142 0.00119063953526
408 0.00117625177006
400 0.00117625177006
411 0.00117342282632
132 0.00116871076156
527 0.00116332656616
315 0.00115978587506
95 0.00115814849695
454 0.00115531325431
127 0.00114445969389
403 0.00114313367755
112 0.0011375249105
56 0.00113440371422
55 0.00113440371422
54 0.00113440371422
53 0.00113440371422
52 0.00113440371422
51 0.00113440371422
50 0.00113440371422
49 0.00113440371422
46 0.00113440371422
43 0.00113390161541
428 0.00111546609382
423 0.00111124201008
301 0.00109639888215
419 0.00109256647301
342 0.00109251951202
98 0.00108908453918
92 0.00108908453918
66 0.00108908453918
64 0.00108908453918
65 0.00108463781572
444 0.00106617289058
438 0.00105533432091
320 0.00105125411804
401 0.00100606252648
271 0.000987917312903
93 0.000982067468979
67 0.000981306264215
341 0.000954781623357
68 0.000916956552532
555 0.000916956552532
272 0.000900849192192
