18 0.00160099857974
291 0.00141956783975
290 0.00141956783975
289 0.00141956783975
507 0.00141039633869
506 0.00141039633869
402 0.00140254702444
509 0.00139313573937
371 0.00138606201364
589 0.00138483783324
396 0.00138136418161
588 0.00137206222801
546 0.00137190325205
453 0.00137190325205
418 0.00136943367373
812 0.00136291421983
19 0.00136125446692
536 0.00135929956726
317 0.00135038977653
5 0.00134622160781
492 0.00134481100213
539 0.00134292348525
490 0.00134271041205
528 0.00134271041205
26 0.00133791998675
277 0.00132186073278
473 0.00131397559368
508 0.00129943518821
514 0.00129160947722
519 0.00129160947722
518 0.00129077315635
283 0.00128512680325
87 0.00128510247646
413 0.00128388290697
504 0.00128323709193
511 0.00128323709193
510 0.00128323709193
527 0.00128323709193
512 0.00128323709193
525 0.00128323709193
503 0.00128323709193
502 0.00128323709193
499 0.00128323709193
498 0.00128323709193
497 0.00128323709193
496 0.00128323709193
495 0.00128323709193
494 0.00128323709193
493 0.00128323709193
491 0.00128323709193
505 0.00128323709193
501 0.00128323709193
500 0.00128323709193
526 0.00128323709193
524 0.00128323709193
522 0.00128323709193
521 0.00128323709193
485 0.00128323709193
484 0.00128323709193
483 0.00128323709193
482 0.00128323709193
481 0.00128323709193
543 0.00128323709193
542 0.00128323709193
541 0.00128323709193
540 0.00128323709193
537 0.00128323709193
533 0.00128323709193
532 0.00128323709193
531 0.00128323709193
530 0.00128323709193
538 0.00128323709193
535 0.00128323709193
534 0.00128323709193
284 0.00128318557509
391 0.00124824968955
867 0.00124419241727
513 0.00123950036203
63 0.00123506557771
557 0.00123446003815
415 0.00123212464389
520 0.00123118009987
517 0.00123118009987
515 0.00123118009987
516 0.00123118009987
340 0.00123099226229
460 0.00122417599347
523 0.00122415430826
696 0.00122348673151
172 0.00121302406119
159 0.00121293859404
42 0.00121016432302
245 0.00120370292597
577 0.00120215410465
142 0.00119848447151
334 0.00119617239642
293 0.00119496567955
817 0.00119252236149
477 0.0011903260917
35 0.00118380648309
33 0.00118380648309
860 0.00117930566643
31 0.00117930566643
7 0.00117930566643
386 0.00117517074539
816 0.00117452129021
411 0.00117421740744
472 0.00117421740744
118 0.00117406285396
361 0.00117300278488
295 0.00117300278488
347 0.00117300278488
346 0.00117300278488
343 0.00117299482756
855 0.001172464553
301 0.0011717137656
478 0.00116627582596
710 0.00116539173579
381 0.00116444338882
628 0.00116429862899
607 0.00116409121546
59 0.00116324970891
819 0.00116323074501
818 0.00116323074501
815 0.00116323074501
814 0.00116323074501
813 0.00116323074501
688 0.00116323074501
427 0.00116323074501
424 0.00116323074501
57 0.00116323074501
191 0.00116323074501
67 0.00116323074501
66 0.00116323074501
64 0.00116323074501
68 0.00116323074501
69 0.00116323074501
711 0.00116323074501
864 0.00116323074501
829 0.00116323074501
828 0.00116323074501
824 0.00116323074501
627 0.00116323074501
626 0.00116323074501
435 0.00116323074501
434 0.00116323074501
430 0.00116323074501
249 0.00116323074501
183 0.00116323074501
76 0.00116323074501
72 0.00116323074501
70 0.00116323074501
11 0.00116323074501
868 0.00116323074501
836 0.00116323074501
480 0.00116323074501
140 0.00116323074501
29 0.00116323074501
28 0.00116323074501
25 0.00116323074501
24 0.00116323074501
23 0.00116323074501
21 0.00116323074501
20 0.00116323074501
570 0.00116323074501
687 0.00116323074501
686 0.00116323074501
671 0.00116323074501
13 0.00116323074501
12 0.00116323074501
10 0.00116323074501
9 0.00116323074501
8 0.00116323074501
48 0.00116323074501
43 0.00116323074501
44 0.00116323074501
40 0.00116323074501
235 0.00116323074501
875 0.00116323074501
874 0.00116323074501
873 0.00116323074501
409 0.00116323074501
629 0.00116323074501
407 0.00116323074501
401 0.00116323074501
851 0.00116323074501
850 0.00116323074501
38 0.00116323074501
37 0.00116323074501
36 0.00116323074501
852 0.00116323074501
34 0.00116323074501
32 0.00116323074501
858 0.00116323074501
856 0.00116323074501
854 0.00116323074501
853 0.00116323074501
30 0.00116323074501
17 0.00116323074501
282 0.00116323074501
16 0.00116323074501
15 0.00116323074501
286 0.00116323074501
14 0.00116323074501
827 0.00116323074501
862 0.00116323074501
849 0.00116323074501
848 0.00116323074501
847 0.00116323074501
846 0.00116323074501
845 0.00116323074501
844 0.00116323074501
843 0.00116323074501
842 0.00116323074501
841 0.00116323074501
840 0.00116323074501
839 0.00116323074501
838 0.00116323074501
837 0.00116323074501
835 0.00116323074501
834 0.00116323074501
833 0.00116323074501
832 0.00116323074501
831 0.00116323074501
830 0.00116323074501
826 0.00116323074501
825 0.00116323074501
823 0.00116323074501
822 0.00116323074501
821 0.00116323074501
820 0.00116323074501
709 0.00116323074501
708 0.00116323074501
707 0.00116323074501
705 0.00116323074501
704 0.00116323074501
703 0.00116323074501
702 0.00116323074501
701 0.00116323074501
700 0.00116323074501
699 0.00116323074501
698 0.00116323074501
697 0.00116323074501
695 0.00116323074501
694 0.00116323074501
693 0.00116323074501
692 0.00116323074501
691 0.00116323074501
690 0.00116323074501
689 0.00116323074501
685 0.00116323074501
684 0.00116323074501
683 0.00116323074501
682 0.00116323074501
681 0.00116323074501
591 0.00116323074501
560 0.00116323074501
459 0.00116323074501
443 0.00116323074501
429 0.00116323074501
428 0.00116323074501
243 0.00116323074501
119 0.00116323074501
56 0.00116323074501
55 0.00116323074501
53 0.00116323074501
52 0.00116323074501
51 0.00116323074501
50 0.00116323074501
551 0.0011567159567
271 0.00115119371038
466 0.00115108653667
342 0.00114087945921
45 0.00113504341114
678 0.00113357464474
729 0.00113143857949
262 0.00113133414942
176 0.00113108168575
777 0.00113100797094
563 0.00113057433756
578 0.0011219383609
566 0.00112188717996
565 0.00112188717996
809 0.00112107499468
399 0.0011174722509
877 0.00111383525802
475 0.00111383525802
433 0.00111383525802
344 0.00111383525802
308 0.00111383525802
437 0.00111383525802
405 0.00111383525802
404 0.00111383525802
403 0.00111383525802
318 0.00111383525802
388 0.00111383525802
384 0.00111383525802
380 0.00111383525802
221 0.00111383525802
319 0.00111383525802
316 0.00111383525802
315 0.00111383525802
567 0.00111383525802
458 0.00111383525802
457 0.00111383525802
452 0.00111383525802
450 0.00111383525802
448 0.00111383525802
447 0.00111383525802
410 0.00111383525802
398 0.00111383525802
394 0.00111383525802
392 0.00111383525802
390 0.00111383525802
363 0.00111383525802
360 0.00111383525802
297 0.00111383525802
296 0.00111383525802
196 0.00111383525802
157 0.00111383525802
60 0.00111383525802
373 0.00111383525802
325 0.00111383525802
61 0.00111383525802
358 0.00111383525802
353 0.00111383525802
352 0.00111383525802
564 0.00110993976705
368 0.00110993976705
288 0.00110917587573
327 0.00110737190049
585 0.0011058941897
604 0.0011058941897
595 0.0011058941897
594 0.0011058941897
562 0.0011058941897
615 0.0011058941897
610 0.0011058941897
584 0.0011058941897
558 0.0011058941897
552 0.0011058941897
471 0.0011058941897
470 0.0011058941897
469 0.0011058941897
468 0.0011058941897
679 0.0011058941897
677 0.0011058941897
624 0.0011058941897
622 0.0011058941897
717 0.0011058941897
597 0.0011058941897
576 0.0011058941897
573 0.0011058941897
571 0.0011058941897
374 0.00110195832205
22 0.00110143940237
49 0.00110143940237
41 0.00110143940237
46 0.00110143940237
6 0.00110143940237
4 0.00110143940237
3 0.00110143940237
39 0.00110143940237
73 0.00110143940237
423 0.00109898403932
630 0.00109889573748
426 0.00109876552252
425 0.00109730025671
27 0.0010939262462
47 0.00109195357376
65 0.00108743318551
387 0.00108204601915
382 0.0010737283335
414 0.0010737283335
669 0.00106900770965
658 0.00106886852871
762 0.00106737286662
586 0.00106737286662
620 0.0010672477925
712 0.00106650289975
556 0.00106525534379
676 0.00106505435518
568 0.00106505435518
861 0.00106505435518
267 0.00106415114884
248 0.00105218541643
350 0.00104752554628
345 0.00104551569952
62 0.00104551569952
133 0.00104521540397
467 0.00104521540397
462 0.00104521540397
456 0.00104518488794
393 0.00104518488794
366 0.00104518488794
339 0.00104518488794
463 0.00104518488794
264 0.00103797445648
581 0.00103221324218
739 0.00102562321074
102 0.00102526861133
116 0.00102522108586
728 0.00102521935767
572 0.00101751338853
529 0.00101751338853
489 0.00101751338853
488 0.00101751338853
487 0.00101751338853
486 0.00101751338853
132 0.00101311616277
768 0.00100843644082
674 0.00100843644082
670 0.00100843644082
596 0.00100843644082
575 0.00100843644082
476 0.00100843644082
625 0.00100843644082
742 0.00100843644082
619 0.00100843644082
617 0.00100843644082
614 0.00100843644082
613 0.00100843644082
583 0.00100843644082
582 0.00100843644082
479 0.00100843644082
752 0.00100843644082
593 0.00100843644082
590 0.00100843644082
866 0.00100843644082
865 0.00100843644082
863 0.00100843644082
857 0.00100843644082
811 0.00100843644082
806 0.00100843644082
736 0.00100843644082
706 0.00100843644082
606 0.00100843644082
603 0.00100843644082
602 0.00100843644082
601 0.00100843644082
600 0.00100843644082
587 0.00100843644082
791 0.00100548212792
153 0.00100548212792
389 0.00100388238903
807 0.00100052433029
454 0.000988572106717
451 0.000988572106717
438 0.000988572106717
422 0.000988572106717
412 0.000988572106717
395 0.000988572106717
378 0.000988572106717
367 0.000988572106717
364 0.000988572106717
362 0.000988572106717
354 0.000988572106717
337 0.000988572106717
336 0.000988572106717
208 0.000988572106717
104 0.000988572106717
58 0.000988572106717
54 0.000988572106717
370 0.000988572106717
449 0.000988572106717
445 0.000988572106717
441 0.000988572106717
440 0.000988572106717
278 0.000988572106717
465 0.000988572106717
464 0.000988572106717
417 0.000988572106717
256 0.000988572106717
227 0.000988572106717
675 0.000988572106717
436 0.000988572106717
406 0.000988572106717
385 0.000988572106717
383 0.000988572106717
126 0.000988572106717
71 0.000988572106717
305 0.000988572106717
268 0.000988572106717
239 0.000988572106717
166 0.000988572106717
569 0.000985245098887
672 0.000980036437171
455 0.000980036437171
446 0.000980036437171
444 0.000980036437171
442 0.000980036437171
548 0.000980036437171
419 0.000980036437171
226 0.000980036437171
580 0.000977631221083
298 0.000959105947788
194 0.000959105947788
0 0.000958569001692
323 0.00094648586968
158 0.00094648586968
128 0.00094648586968
257 0.000946249267569
97 0.000946114158446
250 0.000940846043945
724 0.000940846043945
804 0.000940846043945
2 0.00090786613676
1 0.00090786613676
265 0.000896240076592
89 0.000896240076592
431 0.000896240076592
162 0.000896240076592
74 0.000896240076592
259 0.000896240076592
618 0.000896240076592
792 0.000896240076592
779 0.000867529221886
778 0.000867529221886
776 0.000867529221886
775 0.000867529221886
774 0.000867529221886
773 0.000867529221886
772 0.000867529221886
771 0.000867529221886
770 0.000867529221886
611 0.000867529221886
179 0.000867529221886
178 0.000867529221886
177 0.000867529221886
175 0.000867529221886
174 0.000867529221886
173 0.000867529221886
171 0.000867529221886
170 0.000867529221886
668 0.000867529221886
667 0.000867529221886
666 0.000867529221886
665 0.000867529221886
664 0.000867529221886
663 0.000867529221886
662 0.000867529221886
661 0.000867529221886
660 0.000867529221886
616 0.000867529221886
612 0.000867529221886
559 0.000867529221886
553 0.000867529221886
461 0.000867529221886
416 0.000867529221886
379 0.000867529221886
372 0.000867529221886
314 0.000867529221886
313 0.000867529221886
312 0.000867529221886
258 0.000867529221886
255 0.000867529221886
254 0.000867529221886
253 0.000867529221886
252 0.000867529221886
251 0.000867529221886
229 0.000867529221886
228 0.000867529221886
225 0.000867529221886
224 0.000867529221886
223 0.000867529221886
222 0.000867529221886
220 0.000867529221886
139 0.000867529221886
138 0.000867529221886
869 0.000867529221886
136 0.000867529221886
135 0.000867529221886
134 0.000867529221886
131 0.000867529221886
130 0.000867529221886
725 0.000867529221886
621 0.000867529221886
212 0.000867529221886
137 0.000867529221886
727 0.000867529221886
726 0.000867529221886
721 0.000867529221886
720 0.000867529221886
545 0.000867529221886
723 0.000867529221886
722 0.000867529221886
623 0.000867529221886
549 0.000867529221886
547 0.000867529221886
544 0.000867529221886
266 0.000867529221886
263 0.000867529221886
189 0.000867529221886
188 0.000867529221886
181 0.000867529221886
349 0.000867529221886
348 0.000867529221886
185 0.000867529221886
184 0.000867529221886
182 0.000867529221886
180 0.000867529221886
341 0.000867529221886
218 0.000867529221886
187 0.000867529221886
186 0.000867529221886
88 0.000867529221886
86 0.000867529221886
85 0.000867529221886
377 0.000867529221886
376 0.000867529221886
375 0.000867529221886
84 0.000867529221886
83 0.000867529221886
82 0.000867529221886
81 0.000867529221886
79 0.000867529221886
78 0.000867529221886
77 0.000867529221886
75 0.000867529221886
765 0.000867529221886
763 0.000867529221886
761 0.000867529221886
760 0.000867529221886
759 0.000867529221886
758 0.000867529221886
751 0.000867529221886
750 0.000867529221886
80 0.000867529221886
870 0.000867529221886
769 0.000867529221886
767 0.000867529221886
766 0.000867529221886
764 0.000867529221886
756 0.000867529221886
755 0.000867529221886
754 0.000867529221886
753 0.000867529221886
639 0.000867529221886
638 0.000867529221886
637 0.000867529221886
636 0.000867529221886
635 0.000867529221886
634 0.000867529221886
633 0.000867529221886
632 0.000867529221886
631 0.000867529221886
279 0.000867529221886
276 0.000867529221886
275 0.000867529221886
274 0.000867529221886
273 0.000867529221886
272 0.000867529221886
270 0.000867529221886
680 0.000867529221886
260 0.000867529221886
167 0.000867529221886
165 0.000867529221886
164 0.000867529221886
163 0.000867529221886
718 0.000867529221886
716 0.000867529221886
715 0.000867529221886
714 0.000867529221886
713 0.000867529221886
261 0.000867529221886
169 0.000867529221886
168 0.000867529221886
161 0.000867529221886
160 0.000867529221886
876 0.000867529221886
872 0.000867529221886
719 0.000867529221886
673 0.000867529221886
599 0.000867529221886
579 0.000867529221886
574 0.000867529221886
474 0.000867529221886
408 0.000867529221886
400 0.000867529221886
311 0.000867529221886
310 0.000867529221886
307 0.000867529221886
303 0.000867529221886
302 0.000867529221886
300 0.000867529221886
287 0.000867529221886
285 0.000867529221886
281 0.000867529221886
280 0.000867529221886
269 0.000867529221886
238 0.000867529221886
237 0.000867529221886
236 0.000867529221886
234 0.000867529221886
233 0.000867529221886
232 0.000867529221886
231 0.000867529221886
230 0.000867529221886
127 0.000867529221886
125 0.000867529221886
124 0.000867529221886
123 0.000867529221886
122 0.000867529221886
309 0.000867529221886
306 0.000867529221886
304 0.000867529221886
129 0.000867529221886
99 0.000867529221886
98 0.000867529221886
96 0.000867529221886
95 0.000867529221886
94 0.000867529221886
592 0.000867529221886
93 0.000867529221886
92 0.000867529221886
91 0.000867529221886
90 0.000867529221886
598 0.000867529221886
121 0.000867529221886
192 0.000867529221886
120 0.000867529221886
799 0.000867529221886
798 0.000867529221886
797 0.000867529221886
796 0.000867529221886
795 0.000867529221886
794 0.000867529221886
793 0.000867529221886
790 0.000867529221886
156 0.000867529221886
155 0.000867529221886
154 0.000867529221886
152 0.000867529221886
151 0.000867529221886
150 0.000867529221886
195 0.000867529221886
649 0.000867529221886
648 0.000867529221886
647 0.000867529221886
646 0.000867529221886
645 0.000867529221886
644 0.000867529221886
643 0.000867529221886
642 0.000867529221886
641 0.000867529221886
640 0.000867529221886
561 0.000867529221886
338 0.000867529221886
335 0.000867529221886
333 0.000867529221886
332 0.000867529221886
331 0.000867529221886
330 0.000867529221886
213 0.000867529221886
211 0.000867529221886
210 0.000867529221886
197 0.000867529221886
805 0.000867529221886
803 0.000867529221886
802 0.000867529221886
801 0.000867529221886
800 0.000867529221886
209 0.000867529221886
207 0.000867529221886
206 0.000867529221886
205 0.000867529221886
204 0.000867529221886
203 0.000867529221886
202 0.000867529221886
201 0.000867529221886
200 0.000867529221886
190 0.000867529221886
808 0.000867529221886
117 0.000867529221886
115 0.000867529221886
114 0.000867529221886
113 0.000867529221886
112 0.000867529221886
111 0.000867529221886
110 0.000867529221886
871 0.000867529221886
859 0.000867529221886
810 0.000867529221886
789 0.000867529221886
788 0.000867529221886
787 0.000867529221886
786 0.000867529221886
785 0.000867529221886
784 0.000867529221886
783 0.000867529221886
782 0.000867529221886
781 0.000867529221886
780 0.000867529221886
757 0.000867529221886
749 0.000867529221886
748 0.000867529221886
747 0.000867529221886
746 0.000867529221886
745 0.000867529221886
744 0.000867529221886
743 0.000867529221886
741 0.000867529221886
740 0.000867529221886
738 0.000867529221886
737 0.000867529221886
735 0.000867529221886
734 0.000867529221886
733 0.000867529221886
732 0.000867529221886
731 0.000867529221886
730 0.000867529221886
659 0.000867529221886
657 0.000867529221886
656 0.000867529221886
655 0.000867529221886
654 0.000867529221886
653 0.000867529221886
652 0.000867529221886
651 0.000867529221886
650 0.000867529221886
609 0.000867529221886
608 0.000867529221886
605 0.000867529221886
555 0.000867529221886
554 0.000867529221886
550 0.000867529221886
439 0.000867529221886
432 0.000867529221886
421 0.000867529221886
420 0.000867529221886
397 0.000867529221886
369 0.000867529221886
365 0.000867529221886
359 0.000867529221886
357 0.000867529221886
356 0.000867529221886
355 0.000867529221886
351 0.000867529221886
329 0.000867529221886
328 0.000867529221886
326 0.000867529221886
324 0.000867529221886
322 0.000867529221886
321 0.000867529221886
320 0.000867529221886
299 0.000867529221886
294 0.000867529221886
292 0.000867529221886
247 0.000867529221886
246 0.000867529221886
244 0.000867529221886
242 0.000867529221886
241 0.000867529221886
240 0.000867529221886
219 0.000867529221886
217 0.000867529221886
216 0.000867529221886
215 0.000867529221886
214 0.000867529221886
199 0.000867529221886
198 0.000867529221886
193 0.000867529221886
149 0.000867529221886
148 0.000867529221886
147 0.000867529221886
146 0.000867529221886
145 0.000867529221886
144 0.000867529221886
143 0.000867529221886
141 0.000867529221886
109 0.000867529221886
108 0.000867529221886
107 0.000867529221886
106 0.000867529221886
105 0.000867529221886
103 0.000867529221886
101 0.000867529221886
100 0.000867529221886
