1 3.37980988134
2 3.37980988134
580 3.59620791957
75 3.64931827467
77 3.64931827467
78 3.64931827467
79 3.64931827467
80 3.64931827467
81 3.64931827467
82 3.64931827467
83 3.64931827467
84 3.64931827467
85 3.64931827467
86 3.64931827467
88 3.64931827467
90 3.64931827467
91 3.64931827467
92 3.64931827467
93 3.64931827467
94 3.64931827467
95 3.64931827467
96 3.64931827467
98 3.64931827467
99 3.64931827467
100 3.64931827467
101 3.64931827467
103 3.64931827467
105 3.64931827467
106 3.64931827467
107 3.64931827467
108 3.64931827467
109 3.64931827467
110 3.64931827467
111 3.64931827467
112 3.64931827467
113 3.64931827467
114 3.64931827467
115 3.64931827467
117 3.64931827467
120 3.64931827467
121 3.64931827467
122 3.64931827467
123 3.64931827467
124 3.64931827467
125 3.64931827467
127 3.64931827467
129 3.64931827467
130 3.64931827467
131 3.64931827467
134 3.64931827467
135 3.64931827467
136 3.64931827467
137 3.64931827467
138 3.64931827467
139 3.64931827467
141 3.64931827467
143 3.64931827467
144 3.64931827467
145 3.64931827467
146 3.64931827467
147 3.64931827467
148 3.64931827467
149 3.64931827467
150 3.64931827467
151 3.64931827467
152 3.64931827467
154 3.64931827467
155 3.64931827467
156 3.64931827467
160 3.64931827467
161 3.64931827467
163 3.64931827467
164 3.64931827467
165 3.64931827467
167 3.64931827467
168 3.64931827467
169 3.64931827467
170 3.64931827467
171 3.64931827467
173 3.64931827467
174 3.64931827467
175 3.64931827467
177 3.64931827467
178 3.64931827467
179 3.64931827467
180 3.64931827467
181 3.64931827467
182 3.64931827467
184 3.64931827467
185 3.64931827467
186 3.64931827467
187 3.64931827467
188 3.64931827467
189 3.64931827467
190 3.64931827467
192 3.64931827467
193 3.64931827467
195 3.64931827467
197 3.64931827467
198 3.64931827467
199 3.64931827467
200 3.64931827467
201 3.64931827467
202 3.64931827467
203 3.64931827467
204 3.64931827467
205 3.64931827467
206 3.64931827467
207 3.64931827467
209 3.64931827467
210 3.64931827467
211 3.64931827467
212 3.64931827467
213 3.64931827467
214 3.64931827467
215 3.64931827467
216 3.64931827467
217 3.64931827467
218 3.64931827467
219 3.64931827467
220 3.64931827467
222 3.64931827467
223 3.64931827467
224 3.64931827467
225 3.64931827467
228 3.64931827467
229 3.64931827467
230 3.64931827467
231 3.64931827467
232 3.64931827467
233 3.64931827467
234 3.64931827467
236 3.64931827467
237 3.64931827467
238 3.64931827467
240 3.64931827467
241 3.64931827467
242 3.64931827467
244 3.64931827467
246 3.64931827467
247 3.64931827467
251 3.64931827467
252 3.64931827467
253 3.64931827467
254 3.64931827467
255 3.64931827467
258 3.64931827467
260 3.64931827467
261 3.64931827467
263 3.64931827467
266 3.64931827467
269 3.64931827467
270 3.64931827467
272 3.64931827467
273 3.64931827467
274 3.64931827467
275 3.64931827467
276 3.64931827467
279 3.64931827467
280 3.64931827467
281 3.64931827467
285 3.64931827467
287 3.64931827467
292 3.64931827467
294 3.64931827467
299 3.64931827467
300 3.64931827467
302 3.64931827467
303 3.64931827467
304 3.64931827467
306 3.64931827467
307 3.64931827467
309 3.64931827467
310 3.64931827467
311 3.64931827467
312 3.64931827467
313 3.64931827467
314 3.64931827467
320 3.64931827467
321 3.64931827467
322 3.64931827467
324 3.64931827467
326 3.64931827467
328 3.64931827467
329 3.64931827467
330 3.64931827467
331 3.64931827467
332 3.64931827467
333 3.64931827467
335 3.64931827467
338 3.64931827467
341 3.64931827467
348 3.64931827467
349 3.64931827467
351 3.64931827467
355 3.64931827467
356 3.64931827467
357 3.64931827467
359 3.64931827467
365 3.64931827467
369 3.64931827467
372 3.64931827467
375 3.64931827467
376 3.64931827467
377 3.64931827467
379 3.64931827467
397 3.64931827467
400 3.64931827467
408 3.64931827467
416 3.64931827467
420 3.64931827467
421 3.64931827467
432 3.64931827467
439 3.64931827467
461 3.64931827467
474 3.64931827467
544 3.64931827467
545 3.64931827467
547 3.64931827467
549 3.64931827467
550 3.64931827467
553 3.64931827467
554 3.64931827467
555 3.64931827467
559 3.64931827467
561 3.64931827467
574 3.64931827467
579 3.64931827467
592 3.64931827467
598 3.64931827467
599 3.64931827467
605 3.64931827467
608 3.64931827467
609 3.64931827467
611 3.64931827467
612 3.64931827467
616 3.64931827467
621 3.64931827467
623 3.64931827467
631 3.64931827467
632 3.64931827467
633 3.64931827467
634 3.64931827467
635 3.64931827467
636 3.64931827467
637 3.64931827467
638 3.64931827467
639 3.64931827467
640 3.64931827467
641 3.64931827467
642 3.64931827467
643 3.64931827467
644 3.64931827467
645 3.64931827467
646 3.64931827467
647 3.64931827467
648 3.64931827467
649 3.64931827467
650 3.64931827467
651 3.64931827467
652 3.64931827467
653 3.64931827467
654 3.64931827467
655 3.64931827467
656 3.64931827467
657 3.64931827467
659 3.64931827467
660 3.64931827467
661 3.64931827467
662 3.64931827467
663 3.64931827467
664 3.64931827467
665 3.64931827467
666 3.64931827467
667 3.64931827467
668 3.64931827467
673 3.64931827467
680 3.64931827467
713 3.64931827467
714 3.64931827467
715 3.64931827467
716 3.64931827467
718 3.64931827467
719 3.64931827467
720 3.64931827467
721 3.64931827467
722 3.64931827467
723 3.64931827467
725 3.64931827467
726 3.64931827467
727 3.64931827467
730 3.64931827467
731 3.64931827467
732 3.64931827467
733 3.64931827467
734 3.64931827467
735 3.64931827467
737 3.64931827467
738 3.64931827467
740 3.64931827467
741 3.64931827467
743 3.64931827467
744 3.64931827467
745 3.64931827467
746 3.64931827467
747 3.64931827467
748 3.64931827467
749 3.64931827467
750 3.64931827467
751 3.64931827467
753 3.64931827467
754 3.64931827467
755 3.64931827467
756 3.64931827467
757 3.64931827467
758 3.64931827467
759 3.64931827467
760 3.64931827467
761 3.64931827467
763 3.64931827467
764 3.64931827467
765 3.64931827467
766 3.64931827467
767 3.64931827467
769 3.64931827467
770 3.64931827467
771 3.64931827467
772 3.64931827467
773 3.64931827467
774 3.64931827467
775 3.64931827467
776 3.64931827467
778 3.64931827467
779 3.64931827467
780 3.64931827467
781 3.64931827467
782 3.64931827467
783 3.64931827467
784 3.64931827467
785 3.64931827467
786 3.64931827467
787 3.64931827467
788 3.64931827467
789 3.64931827467
790 3.64931827467
793 3.64931827467
794 3.64931827467
795 3.64931827467
796 3.64931827467
797 3.64931827467
798 3.64931827467
799 3.64931827467
800 3.64931827467
801 3.64931827467
802 3.64931827467
803 3.64931827467
805 3.64931827467
808 3.64931827467
810 3.64931827467
859 3.64931827467
869 3.64931827467
870 3.64931827467
871 3.64931827467
872 3.64931827467
876 3.64931827467
74 3.67193361598
89 3.67193361598
162 3.67193361598
259 3.67193361598
265 3.67193361598
431 3.67193361598
618 3.67193361598
792 3.67193361598
569 3.68266792926
54 3.69037074513
58 3.69037074513
71 3.69037074513
104 3.69037074513
126 3.69037074513
166 3.69037074513
208 3.69037074513
227 3.69037074513
239 3.69037074513
256 3.69037074513
268 3.69037074513
278 3.69037074513
305 3.69037074513
336 3.69037074513
337 3.69037074513
354 3.69037074513
362 3.69037074513
364 3.69037074513
367 3.69037074513
370 3.69037074513
378 3.69037074513
383 3.69037074513
385 3.69037074513
395 3.69037074513
406 3.69037074513
412 3.69037074513
417 3.69037074513
422 3.69037074513
436 3.69037074513
438 3.69037074513
440 3.69037074513
441 3.69037074513
445 3.69037074513
449 3.69037074513
451 3.69037074513
454 3.69037074513
464 3.69037074513
465 3.69037074513
675 3.69037074513
226 3.72910107141
419 3.72910107141
442 3.72910107141
444 3.72910107141
446 3.72910107141
455 3.72910107141
548 3.72910107141
672 3.72910107141
476 3.74705431575
479 3.74705431575
575 3.74705431575
582 3.74705431575
583 3.74705431575
587 3.74705431575
590 3.74705431575
593 3.74705431575
596 3.74705431575
600 3.74705431575
601 3.74705431575
602 3.74705431575
603 3.74705431575
606 3.74705431575
613 3.74705431575
614 3.74705431575
617 3.74705431575
619 3.74705431575
625 3.74705431575
670 3.74705431575
674 3.74705431575
706 3.74705431575
736 3.74705431575
742 3.74705431575
752 3.74705431575
768 3.74705431575
806 3.74705431575
811 3.74705431575
857 3.74705431575
863 3.74705431575
865 3.74705431575
866 3.74705431575
486 3.78468870082
487 3.78468870082
488 3.78468870082
489 3.78468870082
529 3.78468870082
572 3.78468870082
807 3.78772690428
581 3.82818857917
250 3.87144950629
724 3.87144950629
804 3.87144950629
62 3.92269836872
345 3.92269836872
339 3.92866444688
366 3.92866444688
393 3.92866444688
456 3.92866444688
463 3.92866444688
133 3.92872210241
462 3.92872210241
467 3.92872210241
194 3.92894272428
298 3.92894272428
350 3.93597188756
97 3.95215869425
257 3.95431292152
128 3.9550661682
158 3.9550661682
323 3.9550661682
568 3.98533842478
676 3.98533842478
861 3.98533842478
556 3.98599930832
712 3.989846192
620 3.99221264771
586 3.99261497698
762 3.99261497698
382 4.01678941585
414 4.01678941585
264 4.02993240509
426 4.05453574424
65 4.0660340002
389 4.06824064442
387 4.10239223023
47 4.13365673442
153 4.13384036467
791 4.13384036467
3 4.15639005376
4 4.15639005376
6 4.15639005376
22 4.15639005376
39 4.15639005376
41 4.15639005376
46 4.15639005376
49 4.15639005376
73 4.15639005376
468 4.1664878629
469 4.1664878629
470 4.1664878629
471 4.1664878629
552 4.1664878629
558 4.1664878629
562 4.1664878629
571 4.1664878629
573 4.1664878629
576 4.1664878629
584 4.1664878629
585 4.1664878629
594 4.1664878629
595 4.1664878629
597 4.1664878629
604 4.1664878629
610 4.1664878629
615 4.1664878629
622 4.1664878629
624 4.1664878629
677 4.1664878629
679 4.1664878629
717 4.1664878629
374 4.16753857203
288 4.19016324049
728 4.19592768648
116 4.19593766517
102 4.19607791589
739 4.19720743941
27 4.19837721893
630 4.21019806661
132 4.22334057316
578 4.22457945749
45 4.22549363279
678 4.22927101612
399 4.23761642984
60 4.25922669026
61 4.25922669026
157 4.25922669026
196 4.25922669026
221 4.25922669026
296 4.25922669026
297 4.25922669026
308 4.25922669026
315 4.25922669026
316 4.25922669026
318 4.25922669026
319 4.25922669026
325 4.25922669026
344 4.25922669026
352 4.25922669026
353 4.25922669026
358 4.25922669026
360 4.25922669026
363 4.25922669026
373 4.25922669026
380 4.25922669026
384 4.25922669026
388 4.25922669026
390 4.25922669026
392 4.25922669026
394 4.25922669026
398 4.25922669026
403 4.25922669026
404 4.25922669026
405 4.25922669026
410 4.25922669026
433 4.25922669026
437 4.25922669026
447 4.25922669026
448 4.25922669026
450 4.25922669026
452 4.25922669026
457 4.25922669026
458 4.25922669026
475 4.25922669026
567 4.25922669026
877 4.25922669026
563 4.26102652386
425 4.26737066999
565 4.29931813394
566 4.29931813394
327 4.30443844497
368 4.31202397702
564 4.31202397702
267 4.31714809393
466 4.32278140001
248 4.33520190751
658 4.39231393185
669 4.39274774187
628 4.40346825108
607 4.40986638845
381 4.41033180926
710 4.41391408094
478 4.41672137692
59 4.41877714798
551 4.44520329392
423 4.48883041252
295 4.49840930379
346 4.49840930379
347 4.49840930379
361 4.49840930379
343 4.5054486178
477 4.50903140334
411 4.50925263382
472 4.50925263382
386 4.51227950154
577 4.53481557213
33 4.54383644028
35 4.54383644028
118 4.54946404154
245 4.55231645283
7 4.55547906175
31 4.55547906175
860 4.55547906175
8 4.57012159252
9 4.57012159252
10 4.57012159252
11 4.57012159252
12 4.57012159252
13 4.57012159252
14 4.57012159252
15 4.57012159252
16 4.57012159252
17 4.57012159252
20 4.57012159252
21 4.57012159252
23 4.57012159252
24 4.57012159252
25 4.57012159252
28 4.57012159252
29 4.57012159252
30 4.57012159252
32 4.57012159252
34 4.57012159252
36 4.57012159252
37 4.57012159252
38 4.57012159252
40 4.57012159252
43 4.57012159252
44 4.57012159252
48 4.57012159252
50 4.57012159252
51 4.57012159252
52 4.57012159252
53 4.57012159252
55 4.57012159252
56 4.57012159252
57 4.57012159252
64 4.57012159252
66 4.57012159252
67 4.57012159252
68 4.57012159252
69 4.57012159252
70 4.57012159252
72 4.57012159252
76 4.57012159252
119 4.57012159252
140 4.57012159252
183 4.57012159252
191 4.57012159252
235 4.57012159252
243 4.57012159252
249 4.57012159252
282 4.57012159252
286 4.57012159252
401 4.57012159252
407 4.57012159252
409 4.57012159252
424 4.57012159252
427 4.57012159252
428 4.57012159252
429 4.57012159252
430 4.57012159252
434 4.57012159252
435 4.57012159252
443 4.57012159252
459 4.57012159252
480 4.57012159252
560 4.57012159252
570 4.57012159252
591 4.57012159252
626 4.57012159252
627 4.57012159252
629 4.57012159252
671 4.57012159252
681 4.57012159252
682 4.57012159252
683 4.57012159252
684 4.57012159252
685 4.57012159252
686 4.57012159252
687 4.57012159252
688 4.57012159252
689 4.57012159252
690 4.57012159252
691 4.57012159252
692 4.57012159252
693 4.57012159252
694 4.57012159252
695 4.57012159252
697 4.57012159252
698 4.57012159252
699 4.57012159252
700 4.57012159252
701 4.57012159252
702 4.57012159252
703 4.57012159252
704 4.57012159252
705 4.57012159252
707 4.57012159252
708 4.57012159252
709 4.57012159252
711 4.57012159252
813 4.57012159252
814 4.57012159252
815 4.57012159252
818 4.57012159252
819 4.57012159252
820 4.57012159252
821 4.57012159252
822 4.57012159252
823 4.57012159252
824 4.57012159252
825 4.57012159252
826 4.57012159252
827 4.57012159252
828 4.57012159252
829 4.57012159252
830 4.57012159252
831 4.57012159252
832 4.57012159252
833 4.57012159252
834 4.57012159252
835 4.57012159252
836 4.57012159252
837 4.57012159252
838 4.57012159252
839 4.57012159252
840 4.57012159252
841 4.57012159252
842 4.57012159252
843 4.57012159252
844 4.57012159252
845 4.57012159252
846 4.57012159252
847 4.57012159252
848 4.57012159252
849 4.57012159252
850 4.57012159252
851 4.57012159252
852 4.57012159252
853 4.57012159252
854 4.57012159252
856 4.57012159252
858 4.57012159252
862 4.57012159252
864 4.57012159252
868 4.57012159252
873 4.57012159252
874 4.57012159252
875 4.57012159252
855 4.57057391442
816 4.57703079068
557 4.5795026773
293 4.59032072023
696 4.62586562526
262 4.64268599567
176 4.64356963243
729 4.64640407804
777 4.64677534385
42 4.65609052532
460 4.66881076207
817 4.67058932763
809 4.68045948555
271 4.70855391738
301 4.71504519172
867 4.72404507044
340 4.74079030848
342 4.74276778981
391 4.74611390956
415 4.75137112034
63 4.75889154007
334 4.76891395305
515 4.78416494209
516 4.78416494209
517 4.78416494209
520 4.78416494209
142 4.79144983161
513 4.81249366567
523 4.82710875379
284 4.90881759487
413 4.91981625572
283 4.92369825107
159 4.96170724036
172 4.96371403279
481 5.0071300623
482 5.0071300623
483 5.0071300623
484 5.0071300623
485 5.0071300623
491 5.0071300623
493 5.0071300623
494 5.0071300623
495 5.0071300623
496 5.0071300623
497 5.0071300623
498 5.0071300623
499 5.0071300623
500 5.0071300623
501 5.0071300623
502 5.0071300623
503 5.0071300623
504 5.0071300623
505 5.0071300623
510 5.0071300623
511 5.0071300623
512 5.0071300623
521 5.0071300623
522 5.0071300623
524 5.0071300623
525 5.0071300623
526 5.0071300623
527 5.0071300623
530 5.0071300623
531 5.0071300623
532 5.0071300623
533 5.0071300623
534 5.0071300623
535 5.0071300623
537 5.0071300623
538 5.0071300623
540 5.0071300623
541 5.0071300623
542 5.0071300623
543 5.0071300623
518 5.03122929254
514 5.03388095385
519 5.03388095385
277 5.04391213077
508 5.06063065689
87 5.08297993661
26 5.11957445533
473 5.12504785875
536 5.20927432685
812 5.21368136086
5 5.21423677319
539 5.24746700178
490 5.25377822624
528 5.25377822624
371 5.25435528903
492 5.260370615
317 5.27750202151
19 5.28111597908
418 5.3021954626
396 5.32991358974
509 5.34041231323
453 5.34155936099
546 5.34155936099
589 5.3420049612
588 5.34724702114
402 5.40878878785
506 5.52627821508
507 5.52627821508
289 5.5596014558
290 5.5596014558
291 5.5596014558
18 6.09207553912

