25 132.155038309
16 137.048094497
5 139.537550252
6 140.700772306
1 151.921336751
30 157.624067688
17 157.760363313
11 175.767352461
14 184.743705831
29 185.638041598
24 185.68789106
18 190.936379245
20 193.4577507
15 193.6790511
13 194.683066088
31 201.913123601
27 203.490361679
12 209.609930437
28 210.293191655
3 217.754830519
10 225.311215516
4 226.36594301
7 227.011313817
2 227.452358866
9 237.816294406
22 238.979270522
19 247.401149798
21 253.549569909
8 277.340210407
26 298.937381068
23 342.180287939
