261 0.00396701763816
289 0.00391108830821
221 0.00377304298813
258 0.00373721324791
234 0.00362252523105
218 0.00361714391826
252 0.00360641098374
250 0.00360641098374
230 0.00360262249582
235 0.00357070549552
153 0.00356314224785
266 0.00353978358617
260 0.00353978358617
259 0.00353978358617
256 0.00353978358617
263 0.00350092725001
280 0.00348483569225
288 0.00347693312101
271 0.00347693312101
286 0.00347693312101
285 0.00347693312101
284 0.00347693312101
283 0.0034692903475
222 0.0034647525638
104 0.00342082826672
103 0.00342007947496
265 0.00339310201274
264 0.00339310201274
219 0.00339310201274
269 0.00339310201274
232 0.00339310201274
157 0.00339310201274
255 0.00339310201274
251 0.00339310201274
279 0.00339310201274
246 0.00339310201274
243 0.00339310201274
287 0.0033765875191
281 0.00336715570754
226 0.00333420100743
66 0.00332487975459
276 0.00330584159389
207 0.00330219383916
94 0.00327990691593
220 0.00327488263213
1 0.00326267553827
48 0.00326005420122
117 0.00319693137021
111 0.00319693137021
196 0.00319693137021
95 0.00319693137021
155 0.00319693137021
174 0.00317221204617
165 0.00317221204617
199 0.0031721277295
195 0.0031721277295
102 0.00310358428716
93 0.00310044145892
275 0.00309506185886
274 0.00309506185886
197 0.00308579533841
125 0.00308444242952
208 0.00305418081145
224 0.00302953249062
237 0.00302684718744
262 0.00302491965102
50 0.00302330148674
0 0.00301493716694
191 0.00296184904014
118 0.00296184904014
116 0.00295450217725
193 0.00295450217725
189 0.00295450217725
187 0.00295450217725
184 0.00295450217725
183 0.00295450217725
181 0.00295450217725
180 0.00295450217725
119 0.00295450217725
115 0.00295450217725
113 0.00295450217725
110 0.00295450217725
107 0.00295450217725
105 0.00295450217725
101 0.00295450217725
198 0.00295450217725
126 0.00295450217725
124 0.00295450217725
120 0.00295450217725
123 0.00295450217725
204 0.00295450217725
203 0.00295450217725
200 0.00295450217725
190 0.00295450217725
169 0.00295450217725
158 0.00295450217725
154 0.00295450217725
151 0.00295450217725
150 0.00295450217725
192 0.00295450217725
179 0.00295450217725
178 0.00295450217725
177 0.00295450217725
176 0.00295450217725
173 0.00295450217725
172 0.00295450217725
171 0.00295450217725
170 0.00295450217725
168 0.00295450217725
148 0.00295450217725
146 0.00295450217725
138 0.00295450217725
132 0.00295450217725
109 0.00295450217725
99 0.00295450217725
96 0.00295450217725
2 0.00295450217725
175 0.00295450217725
166 0.00295450217725
164 0.00295450217725
161 0.00295450217725
160 0.00295450217725
98 0.00295450217725
70 0.00290832454798
61 0.00289018050324
90 0.00288497561659
277 0.0028838687018
273 0.0028838687018
272 0.0028838687018
278 0.0028838687018
282 0.0028838687018
292 0.0028838687018
108 0.00287556198204
59 0.00287556198204
156 0.00287413869511
65 0.00287035130401
167 0.00285404543504
257 0.00283615122487
242 0.00283453640698
268 0.00283030421921
236 0.0028239282474
223 0.0028239282474
213 0.0028239282474
139 0.0028239282474
133 0.0028239282474
212 0.0028239282474
216 0.0028239282474
217 0.0028239282474
214 0.0028239282474
210 0.0028239282474
182 0.0028239282474
215 0.0028239282474
211 0.0028239282474
209 0.0028239282474
97 0.0028239282474
239 0.00280038948131
58 0.00280038948131
56 0.00280038948131
55 0.00280038948131
53 0.00280038948131
52 0.00280038948131
51 0.00280038948131
49 0.00280038948131
47 0.00280038948131
206 0.00280038948131
205 0.00280038948131
57 0.00280038948131
54 0.00280038948131
159 0.00272741640524
201 0.00272741640524
149 0.0026812578582
244 0.00267291963529
253 0.00267291963529
143 0.00267209771284
68 0.00267209771284
38 0.00266450663922
202 0.00266450663922
5 0.00266450663922
134 0.0026604992564
163 0.00265872491813
33 0.00265187955765
4 0.00265187955765
62 0.00264390072639
152 0.00264058539131
162 0.00264058539131
100 0.00264058539131
238 0.00260238461631
291 0.00260238461631
290 0.00260238461631
270 0.00260238461631
267 0.00260238461631
249 0.00260238461631
247 0.00260238461631
245 0.00260238461631
240 0.00260238461631
254 0.00260238461631
241 0.00244621885854
92 0.00244621885854
91 0.00244621885854
88 0.00244621885854
87 0.00244621885854
86 0.00244621885854
89 0.00244621885854
227 0.00244621885854
145 0.00244621885854
144 0.00244621885854
141 0.00244621885854
147 0.00244621885854
142 0.00244621885854
140 0.00244621885854
67 0.00244621885854
186 0.00244621885854
129 0.00244621885854
293 0.00244621885854
188 0.00244621885854
233 0.00244621885854
137 0.00244621885854
136 0.00244621885854
135 0.00244621885854
131 0.00244621885854
130 0.00244621885854
128 0.00244621885854
127 0.00244621885854
69 0.00244621885854
85 0.00241185288944
84 0.00241185288944
83 0.00241185288944
82 0.00241185288944
81 0.00241185288944
80 0.00241185288944
248 0.00241185288944
229 0.00241185288944
228 0.00241185288944
225 0.00241185288944
79 0.00241185288944
78 0.00241185288944
77 0.00241185288944
76 0.00241185288944
75 0.00241185288944
74 0.00241185288944
73 0.00241185288944
72 0.00241185288944
71 0.00241185288944
19 0.00241185288944
18 0.00241185288944
17 0.00241185288944
16 0.00241185288944
15 0.00241185288944
14 0.00241185288944
13 0.00241185288944
12 0.00241185288944
11 0.00241185288944
10 0.00241185288944
231 0.00241185288944
194 0.00241185288944
185 0.00241185288944
122 0.00241185288944
121 0.00241185288944
114 0.00241185288944
112 0.00241185288944
64 0.00241185288944
63 0.00241185288944
60 0.00241185288944
46 0.00241185288944
45 0.00241185288944
44 0.00241185288944
43 0.00241185288944
42 0.00241185288944
41 0.00241185288944
40 0.00241185288944
39 0.00241185288944
37 0.00241185288944
36 0.00241185288944
35 0.00241185288944
34 0.00241185288944
32 0.00241185288944
31 0.00241185288944
30 0.00241185288944
29 0.00241185288944
28 0.00241185288944
27 0.00241185288944
26 0.00241185288944
25 0.00241185288944
24 0.00241185288944
23 0.00241185288944
22 0.00241185288944
21 0.00241185288944
20 0.00241185288944
8 0.00241185288944
7 0.00241185288944
6 0.00241185288944
3 0.00241185288944
106 0.00241185288944
9 0.00241185288944
