59 0.00969593488332
6 0.00861490068767
1 0.00856984406378
26 0.0085030618993
24 0.00845147063345
43 0.00834950358207
39 0.00812457261607
8 0.00806029171378
29 0.00787068681943
14 0.00786825627297
11 0.00784515443455
3 0.00782502265338
45 0.00769698149252
32 0.00762583779705
28 0.00747758112862
49 0.00746776560709
53 0.00743816790841
38 0.0073626766283
7 0.0073277619234
9 0.00710981619205
5 0.00708848116757
4 0.00700895231099
48 0.00690565646101
54 0.00677334223332
46 0.00652285706924
13 0.00652013490422
44 0.00651521441994
40 0.0064487386338
15 0.00642290366977
35 0.00638755628487
36 0.0063176705753
41 0.00624495237375
30 0.00619636266771
20 0.005881051821
52 0.00583088195176
22 0.00580542783463
58 0.00564479945497
31 0.00561620535755
16 0.00558146018899
27 0.005573544211
17 0.00548434067993
37 0.00539854012189
51 0.0053717251489
12 0.005173426446
18 0.00516046857369
2 0.00512383601596
0 0.0049843660426
34 0.00496066460286
57 0.00495696992088
33 0.00495279654064
55 0.00494941349784
23 0.00494741700995
19 0.00492822769623
56 0.00472677008011
10 0.00472521134484
21 0.00468440944524
25 0.00462236198713
47 0.00449031651895
50 0.00449001966287
42 0.0042512951463
