148 0.00634004903725
145 0.00618273183432
152 0.00614428426125
153 0.00598574140283
151 0.00587908916497
146 0.00552577840306
147 0.00552577840306
154 0.00537571263367
150 0.00519935435292
57 0.00518678795205
149 0.00500548670743
80 0.00499813372066
59 0.00494533223972
124 0.00485282344512
120 0.00485282344512
143 0.00484757037646
41 0.00483753665398
105 0.00475890318505
40 0.00472160167089
108 0.00471839281378
117 0.00471839281378
62 0.00468116537566
55 0.00468116537566
47 0.00468116537566
131 0.00464625449754
112 0.00456146439291
128 0.00453971971533
155 0.00453937378052
44 0.00453937378052
82 0.00452317728721
81 0.00452317728721
58 0.00450476700479
90 0.00450291364764
69 0.00449503454847
144 0.0044909725457
137 0.00447835168574
95 0.00447200665757
48 0.00445493881176
46 0.00445493881176
45 0.00445493881176
133 0.00434561978825
132 0.00434561978825
130 0.00434561978825
129 0.00434561978825
127 0.00434561978825
126 0.00434561978825
122 0.00434561978825
121 0.00434561978825
118 0.00434561978825
26 0.00434561978825
25 0.00434561978825
86 0.0042826927283
87 0.0042776929756
60 0.00425417458142
92 0.00425417458142
96 0.00424486625967
94 0.00424486625967
93 0.00424486625967
64 0.00423491313573
100 0.00419592258238
99 0.00419592258238
43 0.00409680828987
49 0.00409217454996
72 0.0040608096857
68 0.00404749164396
83 0.0040467156942
51 0.00380734049533
77 0.00380593186995
74 0.00380593186995
88 0.00378951927711
66 0.00378491801951
65 0.00378491801951
52 0.00378491801951
76 0.00378491801951
110 0.00371689694789
109 0.0036955183003
107 0.00354913907913
63 0.00354913907913
97 0.00354913907913
98 0.00354913907913
85 0.00354913907913
84 0.00354913907913
79 0.00354913907913
75 0.00354913907913
73 0.00354913907913
71 0.00354913907913
16 0.00352486359095
134 0.00352427047024
123 0.00352427047024
7 0.00352427047024
6 0.00352427047024
135 0.00349793593676
116 0.00349793593676
114 0.00349793593676
113 0.00349793593676
111 0.00349793593676
102 0.00349793593676
39 0.00349793593676
139 0.00349793593676
89 0.00349793593676
141 0.00349793593676
91 0.00349793593676
119 0.0034704303703
115 0.0034704303703
106 0.0034704303703
103 0.0034704303703
67 0.0034704303703
56 0.0034704303703
54 0.0034704303703
31 0.0034704303703
50 0.0034704303703
37 0.0034704303703
30 0.0034704303703
136 0.0034704303703
36 0.0034704303703
33 0.0034704303703
142 0.0034704303703
140 0.0034704303703
70 0.0034704303703
29 0.0034704303703
101 0.00327287884793
61 0.00327287884793
53 0.00327287884793
138 0.00327287884793
125 0.00327287884793
104 0.00327287884793
42 0.00327287884793
38 0.00327287884793
35 0.00327287884793
34 0.00327287884793
32 0.00327287884793
28 0.00327287884793
27 0.00327287884793
24 0.00327287884793
23 0.00327287884793
22 0.00327287884793
21 0.00327287884793
20 0.00327287884793
19 0.00327287884793
18 0.00327287884793
13 0.00327287884793
17 0.00327287884793
15 0.00327287884793
12 0.00327287884793
11 0.00327287884793
10 0.00327287884793
14 0.00327287884793
1 0.00327287884793
5 0.00327287884793
3 0.00327287884793
2 0.00327287884793
0 0.00327287884793
78 0.00327287884793
9 0.00327287884793
8 0.00327287884793
4 0.00327287884793
