42 40.0034171668
 25 40.4331423512
 50 42.7594833009
 47 42.7601751101
 21 45.3453521518
 10 45.4577872582
 56 45.4621825074
 19 46.0720977174
 23 48.0410553745
 55 48.1155313607
 33 48.1250719346
 57 48.1362286641
 34 48.146335003
 2 50.4527234881
 18 50.5800374646
 12 50.6900347264
 37 52.2496125868
 51 53.0325250561
 17 53.7158218497
 16 55.8482128435
 27 55.8762398693
 31 55.9675205051
 58 56.0723209234
 22 58.3964061254
 52 58.5925819383
 20 58.7184432135
 41 61.8926279551
 30 61.9478510369
 36 63.9299183021
 35 64.1139158487
 15 65.8285190159
 40 66.0275972004
 13 66.2507467463
 44 66.4370915726
 46 66.5099690356
 54 69.1101064056
 48 71.328726186
 4 71.5754053055
 5 73.4837784243
 9 73.5438198425
 38 76.0650971578
 7 76.5144198791
 53 76.9459787414
 49 76.9517725883
 28 77.1279424127
 32 79.3808946944
 45 79.7559387652
 3 81.6074575485
 29 81.6249032307
 11 81.7774028261
 14 81.9639052424
 8 83.5321507249
 39 84.2549566462
 43 87.1359193586
 24 88.9577141022
 1 89.2256338583
 26 89.6406508265
 6 91.1394633068
 59 102.147914541
