1 9.26151036668
2 9.26151036668
3 9.26151036668
4 9.26151036668
5 9.26151036668
8 9.26151036668
9 9.26151036668
10 9.26151036668
11 9.26151036668
12 9.26151036668
13 9.26151036668
14 9.26151036668
15 9.26151036668
17 9.26151036668
18 9.26151036668
19 9.26151036668
20 9.26151036668
21 9.26151036668
22 9.26151036668
23 9.26151036668
24 9.26151036668
27 9.26151036668
28 9.26151036668
32 9.26151036668
34 9.26151036668
35 9.26151036668
38 9.26151036668
42 9.26151036668
53 9.26151036668
61 9.26151036668
78 9.26151036668
101 9.26151036668
104 9.26151036668
125 9.26151036668
138 9.26151036668
49 9.73178826244
29 9.76046699258
30 9.76046699258
31 9.76046699258
33 9.76046699258
36 9.76046699258
37 9.76046699258
50 9.76046699258
54 9.76046699258
56 9.76046699258
67 9.76046699258
70 9.76046699258
103 9.76046699258
106 9.76046699258
115 9.76046699258
119 9.76046699258
136 9.76046699258
140 9.76046699258
142 9.76046699258
144 9.78216993664
39 9.78700720486
89 9.78700720486
91 9.78700720486
102 9.78700720486
111 9.78700720486
113 9.78700720486
114 9.78700720486
116 9.78700720486
135 9.78700720486
139 9.78700720486
141 9.78700720486
6 9.812710276
7 9.812710276
123 9.812710276
134 9.812710276
16 9.81308040863
63 10.098576989
71 10.098576989
73 10.098576989
75 10.098576989
79 10.098576989
84 10.098576989
85 10.098576989
97 10.098576989
98 10.098576989
107 10.098576989
109 10.2859652906
110 10.3068636894
52 10.6338818231
65 10.6338818231
66 10.6338818231
76 10.6338818231
88 10.6385819442
43 10.6395310671
51 10.6464119776
74 10.6548418588
77 10.6548418588
149 10.8383902297
68 11.1856241749
83 11.1947053802
72 11.2090085131
150 11.3343056315
64 11.4040917533
154 11.4659023364
99 11.6436384138
100 11.6436384138
44 11.6819391405
155 11.6819391405
93 11.691163187
94 11.691163187
96 11.691163187
60 11.7005433222
92 11.7005433222
87 11.7241740095
86 11.7292871646
25 11.731679134
26 11.731679134
118 11.731679134
121 11.731679134
122 11.731679134
126 11.731679134
127 11.731679134
129 11.731679134
130 11.731679134
132 11.731679134
133 11.731679134
112 11.7438491047
137 11.7778622333
128 12.0159216855
146 12.0805633426
147 12.0805633426
45 12.1982470203
46 12.1982470203
48 12.1982470203
95 12.2167526418
69 12.2388970032
58 12.2395092327
90 12.2478350479
81 12.2679660704
82 12.2679660704
143 12.2883705149
108 12.4642197038
117 12.4642197038
105 12.5041437016
131 12.5996295637
40 12.6744637632
151 12.7190364368
47 12.7225379406
55 12.7225379406
62 12.7225379406
41 12.8196600812
120 12.8349298515
124 12.8349298515
153 13.0093247183
152 13.1710862716
59 13.2837633603
80 13.3182554214
145 13.5048665747
148 13.775555586
57 13.8219562956

