117 0.00291292893897
112 0.00291292893897
110 0.00275818927954
339 0.00266874583813
428 0.00259105807294
320 0.00255661570593
341 0.00249168494334
249 0.00249000870258
113 0.00247519909253
432 0.00246529050881
208 0.0024271916874
141 0.00242509047833
88 0.00241550020334
120 0.00239890310965
118 0.00239890310965
426 0.00236428469158
424 0.00236428469158
419 0.00236428469158
416 0.00236428469158
423 0.00236398492124
223 0.002352029594
298 0.00234920593924
73 0.00233226268613
101 0.00228344087647
103 0.00228344087647
409 0.00228210691421
119 0.0022707376214
355 0.00226459991494
299 0.00226381509791
231 0.00224942639559
1 0.00224588208706
125 0.0022178709287
157 0.0022178709287
68 0.00220752119617
114 0.002207176588
62 0.00220555604034
106 0.00220390087813
105 0.00219447746792
102 0.00218800662771
100 0.00218800662771
104 0.00218800662771
242 0.00218800662771
124 0.00218800662771
123 0.00218800662771
122 0.00218800662771
99 0.00218800662771
98 0.00218800662771
96 0.00218800662771
95 0.00218800662771
108 0.00218255604404
381 0.00217917207541
389 0.00217829126911
116 0.00217591845578
91 0.00217591845578
349 0.00217378178736
89 0.0021718283495
385 0.00216970448841
396 0.00216846935171
136 0.00215250786222
342 0.00215250786222
115 0.0021487075744
188 0.00214636633669
0 0.00214617165748
413 0.00214579061657
29 0.00214503774091
425 0.002144157763
17 0.00214060809402
16 0.00214060809402
6 0.00214060809402
20 0.00214060809402
431 0.00212403835533
155 0.00211782046513
347 0.00210852744926
370 0.00209809495647
93 0.0020953016351
368 0.00209099680705
345 0.00209099680705
51 0.00207845839896
237 0.00207792460381
240 0.00207792460381
63 0.00207785921653
52 0.00207785921653
363 0.00207218184704
362 0.00207218184704
352 0.00207218184704
351 0.00207218184704
350 0.00207218184704
348 0.00207218184704
346 0.00207218184704
343 0.00207218184704
407 0.00207218184704
357 0.00207218184704
403 0.00207218184704
400 0.00207218184704
387 0.00207218184704
386 0.00207218184704
384 0.00207218184704
382 0.00207218184704
380 0.00207218184704
378 0.00207218184704
373 0.00207218184704
356 0.00207218184704
354 0.00207218184704
388 0.00207218184704
383 0.00207218184704
377 0.00207218184704
376 0.00207218184704
359 0.00207218184704
399 0.00207218184704
395 0.00207218184704
394 0.00207218184704
392 0.00207218184704
390 0.00207218184704
375 0.00207218184704
374 0.00207218184704
367 0.00207218184704
366 0.00207218184704
365 0.00207218184704
364 0.00207218184704
361 0.00207218184704
360 0.00207218184704
358 0.00207218184704
58 0.00206582405403
418 0.00206108476796
167 0.00204517819101
78 0.00204427228854
77 0.00204427228854
74 0.00204427228854
211 0.00204412187931
148 0.00204412187931
295 0.00204153101169
173 0.00204138776604
224 0.00204047278998
76 0.00203890087975
70 0.0020382961494
31 0.0020382961494
30 0.0020382961494
71 0.0020382961494
49 0.0020382961494
48 0.0020382961494
47 0.0020382961494
46 0.0020382961494
44 0.0020382961494
43 0.0020382961494
42 0.0020382961494
41 0.0020382961494
40 0.0020382961494
39 0.0020382961494
35 0.0020382961494
34 0.0020382961494
33 0.0020382961494
32 0.0020382961494
265 0.0020382961494
38 0.0020382961494
37 0.0020382961494
36 0.0020382961494
28 0.0020382961494
26 0.0020382961494
24 0.0020382961494
22 0.0020382961494
21 0.0020382961494
9 0.0020382961494
8 0.0020382961494
7 0.0020382961494
5 0.0020382961494
4 0.0020382961494
3 0.0020382961494
69 0.0020382961494
56 0.0020382961494
55 0.0020382961494
54 0.0020382961494
53 0.0020382961494
50 0.0020382961494
27 0.0020382961494
25 0.0020382961494
23 0.0020382961494
412 0.0020382961494
411 0.0020382961494
61 0.0020382961494
19 0.0020382961494
18 0.0020382961494
15 0.0020382961494
14 0.0020382961494
13 0.0020382961494
11 0.0020382961494
10 0.0020382961494
57 0.0020382961494
417 0.00202788658763
170 0.0020202372728
397 0.00201902121537
391 0.00201902121537
369 0.00201196032375
87 0.00200511907338
311 0.00199201370571
310 0.00199201370571
309 0.00199201370571
308 0.00199201370571
307 0.00199201370571
306 0.00199201370571
305 0.00199201370571
303 0.00199201370571
302 0.00199201370571
301 0.00199201370571
300 0.00199201370571
317 0.00199201370571
316 0.00199201370571
314 0.00199201370571
312 0.00199201370571
289 0.00199201370571
284 0.00199201370571
296 0.00199201370571
294 0.00199201370571
293 0.00199201370571
290 0.00199201370571
287 0.00199201370571
283 0.00199201370571
282 0.00199201370571
72 0.00197780199778
393 0.00197727702597
336 0.00197588296503
159 0.00195172912987
177 0.0019446334334
292 0.00194128125196
166 0.00193732882485
230 0.00193556669733
304 0.00193192352072
150 0.00192326862741
59 0.00192272544644
402 0.00191710109517
275 0.00190417951356
379 0.00187583685233
408 0.00185909464187
79 0.0018432423806
313 0.00184061407017
285 0.00184061407017
154 0.0018386143216
203 0.00183443672427
202 0.00183443672427
189 0.00183443672427
422 0.00183285980419
216 0.00183132459569
182 0.00183132459569
128 0.00183132459569
291 0.00180521521425
109 0.00179787478021
258 0.0017957974766
67 0.00179544470865
261 0.00179236337114
324 0.00179236263363
257 0.00179069605411
321 0.0017559745649
405 0.0017559745649
334 0.0017559745649
331 0.0017559745649
404 0.00175410458024
83 0.00175359972978
85 0.00174970925209
226 0.00174781710945
421 0.00173847696581
420 0.00173847696581
414 0.00173847696581
247 0.00172350309198
246 0.00172350309198
439 0.0017234565119
227 0.0017226947773
222 0.0017226947773
221 0.0017226947773
220 0.0017226947773
137 0.0017226947773
437 0.0017226947773
436 0.0017226947773
435 0.0017226947773
434 0.0017226947773
340 0.0017226947773
272 0.0017226947773
251 0.0017226947773
229 0.0017226947773
225 0.0017226947773
219 0.0017226947773
187 0.0017226947773
186 0.0017226947773
185 0.0017226947773
181 0.0017226947773
179 0.0017226947773
178 0.0017226947773
176 0.0017226947773
175 0.0017226947773
174 0.0017226947773
172 0.0017226947773
171 0.0017226947773
169 0.0017226947773
168 0.0017226947773
165 0.0017226947773
164 0.0017226947773
163 0.0017226947773
162 0.0017226947773
161 0.0017226947773
160 0.0017226947773
139 0.0017226947773
138 0.0017226947773
135 0.0017226947773
134 0.0017226947773
133 0.0017226947773
132 0.0017226947773
131 0.0017226947773
130 0.0017226947773
129 0.0017226947773
127 0.0017226947773
126 0.0017226947773
441 0.0017226947773
250 0.0017226947773
238 0.0017226947773
236 0.0017226947773
235 0.0017226947773
234 0.0017226947773
233 0.0017226947773
232 0.0017226947773
183 0.0017226947773
158 0.0017226947773
153 0.0017226947773
152 0.0017226947773
199 0.0017226947773
198 0.0017226947773
151 0.0017226947773
218 0.0017226947773
209 0.0017226947773
200 0.0017226947773
207 0.0017226947773
206 0.0017226947773
205 0.0017226947773
438 0.0017226947773
427 0.0017226947773
326 0.0017226947773
217 0.0017226947773
215 0.0017226947773
214 0.0017226947773
213 0.0017226947773
212 0.0017226947773
210 0.0017226947773
197 0.0017226947773
196 0.0017226947773
195 0.0017226947773
192 0.0017226947773
191 0.0017226947773
190 0.0017226947773
248 0.0017226947773
245 0.0017226947773
243 0.0017226947773
241 0.0017226947773
149 0.0017226947773
147 0.0017226947773
146 0.0017226947773
145 0.0017226947773
144 0.0017226947773
143 0.0017226947773
142 0.0017226947773
433 0.00171972078281
86 0.00171777011932
429 0.00171777011932
66 0.00169570301426
65 0.00169570301426
64 0.00169570301426
259 0.00169570301426
256 0.00169570301426
255 0.00169570301426
254 0.00169570301426
121 0.00169570301426
97 0.00169570301426
45 0.00169570301426
2 0.00169570301426
323 0.00169570301426
322 0.00169570301426
271 0.00169570301426
270 0.00169570301426
266 0.00169570301426
263 0.00169570301426
262 0.00169570301426
260 0.00169570301426
253 0.00169570301426
252 0.00169570301426
60 0.00169570301426
12 0.00169570301426
269 0.00169570301426
268 0.00169570301426
267 0.00169570301426
264 0.00169570301426
81 0.00169570301426
327 0.00168891876973
280 0.00168733971728
277 0.00168563971881
410 0.0016618659329
111 0.0016618659329
329 0.0016618659329
244 0.0016618659329
84 0.00165523233096
92 0.00165523233096
333 0.00165523233096
107 0.00165523233096
156 0.00164549773164
90 0.00162610860816
442 0.00162610860816
273 0.00162610860816
184 0.00162610860816
94 0.00162610860816
430 0.00162610860816
318 0.00162610860816
239 0.00162610860816
228 0.00162610860816
193 0.00162610860816
82 0.00162610860816
80 0.00162610860816
440 0.00162610860816
75 0.00162610860816
330 0.00162610860816
180 0.00162610860816
201 0.00162610860816
204 0.00162610860816
415 0.00162610860816
328 0.00162610860816
325 0.00162610860816
194 0.00162610860816
140 0.00162610860816
338 0.00161884748022
337 0.00161884748022
335 0.00161884748022
406 0.00159707885663
288 0.00159707885663
286 0.00159707885663
281 0.00159707885663
315 0.00159707885663
279 0.00159707885663
276 0.00159707885663
274 0.00159707885663
319 0.00159707885663
278 0.00159707885663
332 0.00159707885663
297 0.00159707885663
398 0.00158006966636
353 0.00158006966636
401 0.00158006966636
371 0.00158006966636
372 0.00158006966636
344 0.00158006966636
