344 4.26547026656
353 4.26547026656
371 4.26547026656
372 4.26547026656
398 4.26547026656
401 4.26547026656
156 4.28680331874
274 4.39846314331
276 4.39846314331
278 4.39846314331
279 4.39846314331
281 4.39846314331
286 4.39846314331
288 4.39846314331
297 4.39846314331
315 4.39846314331
319 4.39846314331
332 4.39846314331
406 4.39846314331
335 4.44841770344
337 4.44841770344
338 4.44841770344
75 4.45466568885
80 4.45466568885
82 4.45466568885
90 4.45466568885
94 4.45466568885
140 4.45466568885
180 4.45466568885
184 4.45466568885
193 4.45466568885
194 4.45466568885
201 4.45466568885
204 4.45466568885
228 4.45466568885
239 4.45466568885
273 4.45466568885
318 4.45466568885
325 4.45466568885
328 4.45466568885
330 4.45466568885
415 4.45466568885
430 4.45466568885
440 4.45466568885
442 4.45466568885
2 4.56549792297
12 4.56549792297
45 4.56549792297
60 4.56549792297
64 4.56549792297
65 4.56549792297
66 4.56549792297
81 4.56549792297
97 4.56549792297
121 4.56549792297
252 4.56549792297
253 4.56549792297
254 4.56549792297
255 4.56549792297
256 4.56549792297
259 4.56549792297
260 4.56549792297
262 4.56549792297
263 4.56549792297
264 4.56549792297
266 4.56549792297
267 4.56549792297
268 4.56549792297
269 4.56549792297
270 4.56549792297
271 4.56549792297
322 4.56549792297
323 4.56549792297
226 4.60374836522
84 4.61065036496
92 4.61065036496
107 4.61065036496
333 4.61065036496
111 4.62624363553
244 4.62624363553
329 4.62624363553
410 4.62624363553
414 4.67515092556
420 4.67515092556
421 4.67515092556
277 4.68012672194
280 4.68338872196
327 4.68655354092
86 4.74255418905
429 4.74255418905
433 4.74629907776
439 4.75360122652
246 4.75374819238
247 4.75374819238
404 4.82362824955
257 4.85773729073
126 4.86102445713
127 4.86102445713
129 4.86102445713
130 4.86102445713
131 4.86102445713
132 4.86102445713
133 4.86102445713
134 4.86102445713
135 4.86102445713
137 4.86102445713
138 4.86102445713
139 4.86102445713
142 4.86102445713
143 4.86102445713
144 4.86102445713
145 4.86102445713
146 4.86102445713
147 4.86102445713
149 4.86102445713
151 4.86102445713
152 4.86102445713
153 4.86102445713
158 4.86102445713
160 4.86102445713
161 4.86102445713
162 4.86102445713
163 4.86102445713
164 4.86102445713
165 4.86102445713
168 4.86102445713
169 4.86102445713
171 4.86102445713
172 4.86102445713
174 4.86102445713
175 4.86102445713
176 4.86102445713
178 4.86102445713
179 4.86102445713
181 4.86102445713
183 4.86102445713
185 4.86102445713
186 4.86102445713
187 4.86102445713
190 4.86102445713
191 4.86102445713
192 4.86102445713
195 4.86102445713
196 4.86102445713
197 4.86102445713
198 4.86102445713
199 4.86102445713
200 4.86102445713
205 4.86102445713
206 4.86102445713
207 4.86102445713
209 4.86102445713
210 4.86102445713
212 4.86102445713
213 4.86102445713
214 4.86102445713
215 4.86102445713
217 4.86102445713
218 4.86102445713
219 4.86102445713
220 4.86102445713
221 4.86102445713
222 4.86102445713
225 4.86102445713
227 4.86102445713
229 4.86102445713
232 4.86102445713
233 4.86102445713
234 4.86102445713
235 4.86102445713
236 4.86102445713
238 4.86102445713
241 4.86102445713
243 4.86102445713
245 4.86102445713
248 4.86102445713
250 4.86102445713
251 4.86102445713
272 4.86102445713
326 4.86102445713
340 4.86102445713
427 4.86102445713
434 4.86102445713
435 4.86102445713
436 4.86102445713
437 4.86102445713
438 4.86102445713
441 4.86102445713
324 4.86104846722
261 4.86107461055
67 4.86705690382
258 4.86775470903
85 4.9039729451
83 4.91159433942
321 4.91896433559
331 4.91896433559
334 4.91896433559
405 4.91896433559
422 4.96825958713
408 5.00113139629
109 5.10171557307
128 5.18106503898
182 5.18106503898
216 5.18106503898
189 5.18714349928
202 5.18714349928
203 5.18714349928
154 5.19529129855
59 5.35070635321
150 5.35499645717
159 5.39007796091
291 5.41665028015
79 5.49086205329
230 5.49257817315
166 5.49597274108
177 5.51031988359
417 5.56645697756
304 5.57848925245
285 5.59239739398
313 5.59239739398
170 5.65259399181
418 5.71702650413
379 5.75902629852
224 5.76738227634
413 5.78288501159
87 5.78734755372
173 5.8069642853
115 5.80907730426
148 5.81226365322
211 5.81226365322
167 5.814346046
292 5.89603700795
58 5.90823520239
275 5.91151086763
402 5.93162175668
72 5.93609130325
155 5.95108239177
431 5.95295671413
91 5.96404311186
116 5.96404311186
425 5.97966259581
93 6.06352790614
393 6.06388101054
237 6.07347494976
240 6.07347494976
136 6.08099812552
342 6.08099812552
188 6.11940517321
114 6.1356700768
336 6.15101111954
108 6.15436879449
282 6.18960445417
283 6.18960445417
284 6.18960445417
287 6.18960445417
289 6.18960445417
290 6.18960445417
293 6.18960445417
294 6.18960445417
296 6.18960445417
300 6.18960445417
301 6.18960445417
302 6.18960445417
303 6.18960445417
305 6.18960445417
306 6.18960445417
307 6.18960445417
308 6.18960445417
309 6.18960445417
310 6.18960445417
311 6.18960445417
312 6.18960445417
314 6.18960445417
316 6.18960445417
317 6.18960445417
295 6.19857900463
369 6.22349806624
3 6.23478861562
4 6.23478861562
5 6.23478861562
7 6.23478861562
8 6.23478861562
9 6.23478861562
10 6.23478861562
11 6.23478861562
13 6.23478861562
14 6.23478861562
15 6.23478861562
18 6.23478861562
19 6.23478861562
21 6.23478861562
22 6.23478861562
23 6.23478861562
24 6.23478861562
25 6.23478861562
26 6.23478861562
27 6.23478861562
28 6.23478861562
30 6.23478861562
31 6.23478861562
32 6.23478861562
33 6.23478861562
34 6.23478861562
35 6.23478861562
36 6.23478861562
37 6.23478861562
38 6.23478861562
39 6.23478861562
40 6.23478861562
41 6.23478861562
42 6.23478861562
43 6.23478861562
44 6.23478861562
46 6.23478861562
47 6.23478861562
48 6.23478861562
49 6.23478861562
50 6.23478861562
53 6.23478861562
54 6.23478861562
55 6.23478861562
56 6.23478861562
57 6.23478861562
61 6.23478861562
69 6.23478861562
70 6.23478861562
71 6.23478861562
265 6.23478861562
411 6.23478861562
412 6.23478861562
391 6.23729346464
397 6.23729346464
52 6.23825442792
63 6.23825442792
89 6.23869868231
51 6.23943435785
125 6.25381639851
157 6.25381639851
119 6.25720533984
76 6.28114790085
74 6.29161113218
77 6.29161113218
78 6.29161113218
95 6.35151338283
96 6.35151338283
98 6.35151338283
99 6.35151338283
100 6.35151338283
102 6.35151338283
104 6.35151338283
122 6.35151338283
123 6.35151338283
124 6.35151338283
242 6.35151338283
105 6.36439809172
106 6.39020078979
73 6.41676556354
343 6.42705917475
346 6.42705917475
348 6.42705917475
350 6.42705917475
351 6.42705917475
352 6.42705917475
354 6.42705917475
356 6.42705917475
357 6.42705917475
358 6.42705917475
359 6.42705917475
360 6.42705917475
361 6.42705917475
362 6.42705917475
363 6.42705917475
364 6.42705917475
365 6.42705917475
366 6.42705917475
367 6.42705917475
373 6.42705917475
374 6.42705917475
375 6.42705917475
376 6.42705917475
377 6.42705917475
378 6.42705917475
380 6.42705917475
382 6.42705917475
383 6.42705917475
384 6.42705917475
386 6.42705917475
387 6.42705917475
388 6.42705917475
390 6.42705917475
392 6.42705917475
394 6.42705917475
395 6.42705917475
399 6.42705917475
400 6.42705917475
403 6.42705917475
407 6.42705917475
231 6.42782472886
299 6.4439337619
345 6.4676843652
368 6.4676843652
370 6.48154874111
385 6.5180931383
347 6.51841583291
6 6.54106512505
16 6.54106512505
17 6.54106512505
20 6.54106512505
29 6.54975449817
101 6.64488763784
103 6.64488763784
396 6.65004853597
389 6.66579259483
62 6.68250170878
68 6.68638107569
416 6.68786609421
419 6.68786609421
424 6.68786609421
426 6.68786609421
423 6.70515677459
298 6.71931777012
118 6.72122487205
120 6.72122487205
223 6.72142624632
208 6.72872443525
349 6.73173175818
141 6.73228090085
381 6.74231354297
1 6.76982121149
88 6.78902737025
355 6.80981532185
249 6.83428295072
341 6.85552868762
113 6.86442940305
409 6.91294200118
432 7.03314007199
320 7.11571767111
428 7.38114764015
339 7.43304400132
110 7.72809977216
112 8.07774009119
117 8.07774009119

