50 0.00165255408925
48 0.00162974489949
36 0.00146172147041
1 0.00143552211279
10 0.00133915541202
25 0.00125784254244
20 0.00125416211157
39 0.00124744852865
32 0.0012470874751
5 0.0012350401821
31 0.00120009492336
13 0.00119445394679
46 0.00118311417401
49 0.00116261683093
18 0.00115969484016
19 0.00115566756106
4 0.00114759077308
26 0.00111499162152
11 0.00111111844922
34 0.00110339193296
33 0.00106979185415
43 0.00106850557309
30 0.00102666866858
6 0.00102642158161
29 0.00102356987693
3 0.00101696706411
12 0.00101053488722
9 0.000979512787263
45 0.000977268672933
38 0.000976731173783
24 0.000964267537149
23 0.00096137569915
16 0.000951776337398
22 0.000947666172002
35 0.000939202059816
21 0.000921907570932
17 0.000910372202871
8 0.000895553037398
47 0.000888816604886
42 0.000888641072903
44 0.000888391330804
40 0.000884872293042
7 0.000842544687752
28 0.000842420534948
41 0.000841973034385
15 0.000840650870864
2 0.00083836075014
27 0.000795671830413
14 0.000784040697017
37 0.000748924588056
0 0.000661526630902
