5 78.6949149264
9 84.5727231363
6 89.4318751182
36 90.7293387116
43 93.575647416
42 96.685110743
30 99.7960621454
41 102.596958461
56 108.45383595
40 114.139878085
29 114.377035687
25 114.381484886
52 120.15583099
46 120.166560264
32 120.199201924
28 122.434617168
45 125.736706735
44 125.959828057
17 126.022373445
55 127.465856091
31 128.528193333
20 131.210221398
3 131.254684659
8 131.320956713
48 131.421672577
51 131.697547663
16 133.14918386
21 134.278306587
22 137.028280581
39 137.390905666
13 142.736092648
47 143.273128854
10 143.329394831
37 143.375690266
11 145.830734555
2 148.475008058
34 149.041532656
14 150.566968344
33 150.853581203
1 153.438494147
23 154.548276989
50 154.667269745
24 154.706840558
12 154.717696849
4 165.592393953
49 165.781441763
19 167.56128624
38 169.019902812
54 170.197178123
27 171.975897945
53 173.499293947
26 188.375231474
15 194.186402725
18 194.740139972
35 198.420900759
7 216.67561119
57 273.143249733
