57 0.00743037525149
7 0.00597820693993
35 0.00550355537068
18 0.00541717694306
15 0.00539478560281
26 0.00526461207209
53 0.00488193434186
27 0.0048300859084
54 0.00478619155294
38 0.00477816298966
19 0.00474877324429
4 0.00466839266261
49 0.00466718712286
1 0.00449367163439
12 0.00438628408247
24 0.00438505616073
50 0.00438246619511
23 0.00437843700014
33 0.00432196672221
14 0.00431475600371
2 0.00425267546779
34 0.00424460684463
11 0.00417130282673
37 0.00410858306792
13 0.00410413718068
10 0.00410003114071
47 0.00409331642871
39 0.00395140878733
22 0.00394722689447
16 0.00388910251665
21 0.00388634623496
8 0.0038070254967
20 0.00380615068844
3 0.00380214660089
48 0.00380040766449
51 0.00379959626173
31 0.00374011088217
55 0.00371825842579
17 0.00366703408581
44 0.00365646578171
45 0.00365102617663
28 0.00360422796446
32 0.00351554812483
46 0.00351461721601
52 0.00351339291848
25 0.0033726992982
29 0.00336915759535
40 0.00335941678389
56 0.00321912125591
41 0.00306726309235
30 0.00304190183881
42 0.00291774202075
43 0.00285521994487
6 0.00278657908764
36 0.00276616728906
9 0.00267461247906
5 0.0024602804689
0 0.00206218414547
