1 4.8362052011
2 4.8362052011
3 4.8362052011
4 4.8362052011
5 4.8362052011
6 4.8362052011
7 4.8362052011
8 4.8362052011
9 4.8362052011
10 4.8362052011
11 4.8362052011
12 4.8362052011
13 4.8362052011
14 4.8362052011
15 4.8362052011
16 4.8362052011
20 4.8362052011
24 4.8362052011
26 4.8362052011
28 4.8362052011
31 4.8362052011
32 4.8362052011
34 4.8362052011
36 4.8362052011
37 4.8362052011
38 4.8362052011
40 4.8362052011
41 4.8362052011
42 4.8362052011
44 4.8362052011
56 4.8362052011
60 4.8362052011
61 4.8362052011
64 4.8362052011
70 4.8362052011
83 4.8362052011
87 4.8362052011
88 4.8362052011
90 4.8362052011
106 4.8362052011
107 4.8362052011
108 4.8362052011
110 4.8362052011
112 4.8362052011
125 4.8362052011
126 4.8362052011
131 4.8362052011
134 4.8362052011
135 4.8362052011
205 4.8362052011
224 4.8362052011
228 4.8362052011
238 4.8362052011
242 4.8362052011
307 4.8362052011
311 4.8362052011
316 4.8362052011
321 4.8362052011
333 4.8362052011
336 4.8362052011
337 4.8362052011
23 4.88322844895
121 4.88322844895
223 4.88322844895
230 4.88322844895
240 4.88322844895
315 4.88322844895
342 4.88322844895
341 4.94951737629
53 5.04541340406
27 5.13672062459
29 5.13672062459
35 5.13672062459
313 5.13672062459
25 5.15277348523
48 5.15277348523
47 5.15692243211
127 5.15692243211
128 5.15692243211
141 5.15692243211
142 5.15692243211
143 5.15692243211
147 5.15692243211
207 5.1690385571
208 5.1690385571
209 5.1690385571
210 5.1690385571
211 5.1690385571
215 5.1690385571
219 5.1690385571
225 5.1690385571
226 5.1690385571
233 5.1690385571
245 5.1690385571
338 5.17116746824
119 5.18445969603
202 5.18445969603
213 5.18445969603
218 5.18445969603
221 5.18445969603
229 5.18445969603
310 5.18445969603
322 5.18445969603
331 5.18445969603
335 5.18445969603
51 5.18978628439
109 5.18978628439
115 5.18978628439
330 5.20584212354
306 5.24136785684
268 5.24278141769
148 5.3063735403
113 5.37311587947
98 5.38817607337
39 5.3903411902
43 5.43858699047
45 5.43858699047
49 5.43858699047
50 5.43858699047
54 5.43858699047
55 5.43858699047
57 5.43858699047
58 5.43858699047
63 5.43858699047
65 5.43858699047
66 5.43858699047
68 5.43858699047
69 5.43858699047
72 5.43858699047
73 5.43858699047
74 5.43858699047
75 5.43858699047
76 5.43858699047
77 5.43858699047
78 5.43858699047
79 5.43858699047
81 5.43858699047
82 5.43858699047
85 5.43858699047
86 5.43858699047
89 5.43858699047
91 5.43858699047
92 5.43858699047
93 5.43858699047
94 5.43858699047
95 5.43858699047
96 5.43858699047
99 5.43858699047
100 5.43858699047
102 5.43858699047
103 5.43858699047
104 5.43858699047
105 5.43858699047
129 5.43858699047
130 5.43858699047
136 5.43858699047
309 5.43858699047
200 5.45671374995
137 5.47721225575
175 5.47721225575
116 5.48174567921
122 5.48406495426
323 5.48417168439
101 5.49043446331
144 5.50061693156
22 5.50215601155
145 5.50597505387
304 5.50608704
59 5.50719303132
339 5.50865799913
227 5.50877752057
319 5.52954010386
217 5.54395071282
71 5.61678268343
173 5.6297397304
247 5.63456630689
249 5.63456630689
250 5.63456630689
251 5.63456630689
254 5.63456630689
256 5.63456630689
258 5.63456630689
259 5.63456630689
260 5.63456630689
261 5.63456630689
262 5.63456630689
263 5.63456630689
265 5.63456630689
266 5.63456630689
267 5.63456630689
269 5.63456630689
270 5.63456630689
272 5.63456630689
273 5.63456630689
276 5.63456630689
278 5.63456630689
279 5.63456630689
280 5.63456630689
281 5.63456630689
246 5.65763814132
299 5.66159128801
277 5.68918680488
114 5.68982406831
275 5.69417975226
46 5.72220881075
139 5.72800983591
174 5.72800983591
305 5.73345220151
317 5.73915561808
320 5.73915561808
62 5.74434094419
234 5.75800457657
235 5.75800457657
236 5.75800457657
138 5.79176287448
80 5.79231539995
97 5.79231539995
124 5.79784456502
52 5.79805697445
146 5.79880836807
67 5.81590231879
206 5.84686672263
302 5.9017527351
264 5.93343518349
282 5.94802733579
284 5.94802733579
285 5.94802733579
286 5.94802733579
287 5.94802733579
288 5.94802733579
289 5.94802733579
290 5.94802733579
291 5.94802733579
292 5.94802733579
293 5.94802733579
294 5.94802733579
295 5.94802733579
296 5.94802733579
297 5.94802733579
298 5.94802733579
301 5.94802733579
303 5.95554340191
181 5.95586279464
257 5.97965007159
252 5.98496406235
328 5.99607198465
324 5.99930839728
325 5.99930839728
326 5.99930839728
327 5.99930839728
255 5.99963180776
248 6.00073779907
156 6.0046494247
300 6.0046494247
149 6.00738779413
150 6.00738779413
151 6.00738779413
152 6.00738779413
153 6.00738779413
154 6.00738779413
157 6.00738779413
158 6.00738779413
160 6.00738779413
161 6.00738779413
162 6.00738779413
163 6.00738779413
164 6.00738779413
165 6.00738779413
166 6.00738779413
167 6.00738779413
168 6.00738779413
169 6.00738779413
170 6.00738779413
171 6.00738779413
172 6.00738779413
176 6.00738779413
177 6.00738779413
178 6.00738779413
180 6.00738779413
184 6.00738779413
185 6.00738779413
186 6.00738779413
187 6.00738779413
188 6.00738779413
189 6.00738779413
190 6.00738779413
191 6.00738779413
192 6.00738779413
193 6.00738779413
194 6.00738779413
196 6.00738779413
197 6.00738779413
253 6.02640518466
271 6.03721687751
274 6.03823246848
183 6.03990960277
232 6.04778151536
199 6.15290765309
17 6.16392470493
140 6.16392470493
214 6.187012971
216 6.19283877592
243 6.19979740604
123 6.21745938527
33 6.22223278925
159 6.24058240291
195 6.25966502587
329 6.29114789223
283 6.29127572565
155 6.29926035049
182 6.29926035049
179 6.36512586204
220 6.47842418982
244 6.4929162578
21 6.50090172491
231 6.50862131833
241 6.52463031904
111 6.53629292967
198 6.61579792592
201 6.80260707599
239 6.81029533869
204 6.84859067267
334 6.85387058639
117 6.85838863393
84 6.98824902234
132 6.99931164438
133 6.99931164438
203 7.08687877534
222 7.11037128755
212 7.15270497124
340 7.20467283793
30 7.21917406026
18 7.43839285408
19 7.43839285408
308 7.43850657152
343 7.45962716031
237 7.46570172342
312 7.55485935962
318 7.80587918093
332 8.17476134787
120 8.3039504539
118 8.44011785935
314 8.70342425103

