174 5.83201437694
176 5.83201437694
181 5.83201437694
188 5.83201437694
110 5.87169480192
112 5.87169480192
113 5.87169480192
114 5.87169480192
118 5.87169480192
119 5.87169480192
218 6.03591584126
1 6.05511755589
2 6.05511755589
4 6.05511755589
20 6.05511755589
21 6.05511755589
56 6.05511755589
100 6.13567492666
108 6.13567492666
172 6.13567492666
173 6.13567492666
178 6.13567492666
183 6.13567492666
185 6.13567492666
186 6.13567492666
207 6.13567492666
171 6.16335245518
175 6.16335245518
120 6.1931136801
124 6.19619867161
6 6.27031712077
10 6.27031712077
50 6.27031712077
54 6.27031712077
107 6.27031712077
115 6.27031712077
169 6.27031712077
182 6.27031712077
187 6.27031712077
189 6.27031712077
196 6.27031712077
197 6.27031712077
198 6.27031712077
204 6.27031712077
208 6.27031712077
219 6.34753532896
37 6.39189469497
103 6.39189469497
45 6.43892691848
132 6.5347161605
192 6.53626117104
210 6.55055194921
212 6.55055194921
213 6.55055194921
214 6.55055194921
215 6.55055194921
216 6.55055194921
17 6.55574202516
19 6.55574202516
22 6.55574202516
23 6.55574202516
24 6.55574202516
25 6.55574202516
26 6.55574202516
27 6.55574202516
29 6.55574202516
30 6.55574202516
31 6.55574202516
32 6.55574202516
33 6.55574202516
34 6.55574202516
35 6.55574202516
36 6.55574202516
40 6.55574202516
41 6.55574202516
42 6.55574202516
44 6.55574202516
46 6.55574202516
57 6.55574202516
222 6.55574202516
7 6.59121105934
55 6.61399640527
101 6.62360973565
221 6.63788802986
211 6.65878239389
96 6.72657481615
18 6.73396532504
3 6.7424533491
5 6.7424533491
47 6.7424533491
217 6.76145173804
220 6.76145173804
195 6.79729986982
43 6.79738101154
52 6.79943960176
92 6.79943960176
94 6.79943960176
180 6.80894322289
122 6.81087860782
179 6.82823646065
160 6.82998506795
109 6.87045297437
111 6.87045297437
123 6.89123400316
134 6.89916104699
28 6.90179850019
206 6.90356975522
15 6.90870637731
16 6.90870637731
38 6.90870637731
39 6.90870637731
116 6.94112078683
105 6.95642827257
51 6.97511654603
53 6.97511654603
79 6.98055871233
9 6.99194667491
12 6.99194667491
13 6.99194667491
95 6.99194667491
190 6.99194667491
191 6.99194667491
193 6.99194667491
194 6.99194667491
199 6.99194667491
200 6.99194667491
202 6.99194667491
203 6.99194667491
126 7.00580590354
127 7.00580590354
128 7.00580590354
129 7.00580590354
131 7.00580590354
133 7.00580590354
135 7.00580590354
137 7.00580590354
139 7.00580590354
141 7.00580590354
142 7.00580590354
143 7.00580590354
144 7.00580590354
145 7.00580590354
146 7.00580590354
147 7.00580590354
148 7.00580590354
149 7.00580590354
150 7.00580590354
151 7.00580590354
153 7.00580590354
154 7.00580590354
155 7.00580590354
156 7.00580590354
157 7.00580590354
162 7.00580590354
163 7.00580590354
164 7.00580590354
165 7.00580590354
166 7.00580590354
167 7.00580590354
168 7.00580590354
170 7.00580590354
209 7.01766683292
201 7.03699107665
14 7.04739531917
140 7.06598780008
59 7.08038096309
62 7.08038096309
63 7.08038096309
64 7.08038096309
66 7.08038096309
67 7.08038096309
68 7.08038096309
71 7.08038096309
73 7.08038096309
77 7.08038096309
78 7.08038096309
80 7.08038096309
81 7.08038096309
82 7.08038096309
83 7.08038096309
84 7.08038096309
85 7.08038096309
87 7.08038096309
88 7.08038096309
89 7.08038096309
91 7.08038096309
93 7.08038096309
130 7.1266171898
98 7.13465941687
99 7.13465941687
61 7.13521918009
69 7.1402103362
86 7.1402103362
184 7.14454650322
158 7.2045474491
161 7.24393749393
205 7.26799369676
177 7.292775583
65 7.3020232739
76 7.31527319732
48 7.31545115997
159 7.31714553803
11 7.31741556302
136 7.35131135753
152 7.3531130645
72 7.42064753159
74 7.42064753159
90 7.42064753159
60 7.42065118974
97 7.48125020071
117 7.50406339714
8 7.60440454806
138 7.6270169283
75 7.64455381548
102 7.71464430112
104 7.71464430112
106 7.71464430112
70 7.76505091091
49 7.81290489691
121 7.87521194123
58 8.1723836147
125 9.15282150793

