7 0.00706714666965
3 0.00683167701054
2 0.00672206811963
32 0.00667087508669
16 0.00663465257933
34 0.00652424991471
31 0.00649294081571
15 0.0063016445253
4 0.00624879985483
6 0.00614780324404
28 0.00607010923697
30 0.00602350739262
22 0.00543336746521
13 0.00538556441415
21 0.00535998921464
19 0.00529996593555
10 0.00526221075281
36 0.00525092573101
35 0.00519785312635
23 0.00519244101564
20 0.00506619254623
37 0.00503316485099
29 0.00496490578363
12 0.00490482962321
18 0.00486263860496
11 0.0047310754507
38 0.00472668717039
27 0.00472346695786
24 0.00467649918747
26 0.00458315099225
14 0.0044522063543
25 0.00433108341572
5 0.00423607155236
33 0.00419585788229
8 0.00412015778406
9 0.00408223670507
17 0.00401553394991
1 0.00394665023917
0 0.00364800507935
