148 0.00198290204549
73 0.00186316529757
154 0.0018400896549
68 0.00183987388362
83 0.00183987388362
82 0.00183987388362
81 0.00183987388362
80 0.00183987388362
78 0.00183987388362
77 0.00183987388362
75 0.00183987388362
153 0.00183885468305
517 0.00179532820138
66 0.00178133253484
76 0.00177200039472
473 0.00175498502822
149 0.00174241928462
4 0.00172793347
518 0.00170536771689
79 0.00170273609035
226 0.00170030563567
150 0.00167565660044
147 0.00167317483205
2 0.00164136343254
120 0.00164084782438
166 0.00163952504917
94 0.00163887628615
91 0.00163887628615
620 0.00163601930231
578 0.00163083882909
439 0.00162604640201
70 0.00160212600809
69 0.00160212600809
145 0.00160139132954
349 0.00158822884282
159 0.00156242047623
158 0.00156242047623
157 0.00156242047623
156 0.00156242047623
155 0.00156242047623
127 0.00156242047623
126 0.00156242047623
125 0.00156242047623
124 0.00156242047623
123 0.00156242047623
122 0.00156242047623
121 0.00156242047623
89 0.00156242047623
88 0.00156242047623
87 0.00156242047623
86 0.00156242047623
85 0.00156242047623
168 0.00156242047623
167 0.00156242047623
165 0.00156242047623
164 0.00156242047623
163 0.00156242047623
162 0.00156242047623
161 0.00156242047623
160 0.00156242047623
139 0.00156242047623
129 0.00156242047623
128 0.00156242047623
99 0.00156242047623
98 0.00156242047623
97 0.00156242047623
96 0.00156242047623
95 0.00156242047623
93 0.00156242047623
92 0.00156242047623
90 0.00156242047623
137 0.00156242047623
136 0.00156242047623
135 0.00156242047623
134 0.00156242047623
133 0.00156242047623
132 0.00156242047623
131 0.00156242047623
130 0.00156242047623
173 0.00156242047623
119 0.00156242047623
118 0.00156242047623
117 0.00156242047623
116 0.00156242047623
115 0.00156242047623
114 0.00156242047623
113 0.00156242047623
112 0.00156242047623
111 0.00156242047623
110 0.00156242047623
144 0.00156242047623
142 0.00156242047623
141 0.00156242047623
140 0.00156242047623
109 0.00156242047623
108 0.00156242047623
107 0.00156242047623
106 0.00156242047623
105 0.00156242047623
104 0.00156242047623
103 0.00156242047623
102 0.00156242047623
101 0.00156242047623
100 0.00156242047623
365 0.00156087209711
405 0.00155180041758
275 0.0015154142372
587 0.00151529612941
151 0.0015152602311
356 0.00150932764423
294 0.00149727733693
205 0.00146835304927
227 0.0014358938126
532 0.00143431307057
212 0.00143408725847
257 0.00143388276158
197 0.00143354307059
557 0.00143211888118
201 0.00143137490042
253 0.00142839306323
245 0.00142817459514
252 0.00142815957504
247 0.00142639997439
1 0.0014242123024
430 0.00141738509808
537 0.0014164384513
74 0.0014154626299
540 0.0014154626299
387 0.00141313340969
266 0.00141313340969
331 0.00141210847386
548 0.00141206628661
547 0.00141206628661
307 0.00141197535907
589 0.00141156058004
292 0.00140733267445
520 0.00140419526258
606 0.00140419526258
586 0.0014033257247
487 0.0014033257247
426 0.00139831826101
420 0.00139831826101
619 0.00136668079953
228 0.00136648449712
330 0.00136448119503
381 0.00136402543476
217 0.00135869454645
528 0.00135850851343
309 0.00135821791846
199 0.00135788700019
475 0.00135768584128
337 0.00135745621302
189 0.00135717637419
274 0.00135693148127
43 0.00135693148127
138 0.00135693148127
84 0.00135693148127
0 0.00135693148127
172 0.00135693148127
171 0.00135693148127
170 0.00135693148127
146 0.00135693148127
486 0.00135674073158
183 0.00135434565325
582 0.001353941044
215 0.0013536329012
232 0.00135197942696
250 0.00134724723312
516 0.00134724723312
240 0.00134724723312
246 0.00134724723312
244 0.00134724723312
243 0.00134724723312
293 0.00134724723312
251 0.00134724723312
339 0.00134724723312
287 0.00134724723312
248 0.00134724723312
249 0.00134724723312
437 0.00134724723312
264 0.00134724723312
236 0.00134724723312
235 0.00134724723312
234 0.00134724723312
152 0.00134522652175
562 0.00134163428452
273 0.00134163428452
536 0.00134163428452
268 0.00134163428452
265 0.00134163428452
378 0.00134163428452
580 0.00134163428452
358 0.00134163428452
325 0.00134163428452
404 0.00133460503913
400 0.00133460503913
391 0.00133460503913
390 0.00133460503913
484 0.00133460503913
389 0.00133460503913
386 0.00133460503913
384 0.00133460503913
399 0.00133121276168
394 0.00133121276168
515 0.00133121276168
511 0.00133121276168
510 0.00133121276168
584 0.00133121276168
455 0.00133121276168
411 0.00133121276168
554 0.00133121276168
429 0.00133121276168
359 0.00133121276168
357 0.00133121276168
354 0.00133121276168
351 0.00133121276168
329 0.00133121276168
328 0.00133121276168
327 0.00133121276168
324 0.00133121276168
323 0.00133121276168
322 0.00133121276168
320 0.00133121276168
609 0.00133121276168
605 0.00133121276168
603 0.00133121276168
363 0.00133121276168
360 0.00133121276168
640 0.00133121276168
598 0.00133121276168
569 0.00133121276168
564 0.00133121276168
443 0.00133121276168
376 0.00133121276168
375 0.00133121276168
374 0.00133121276168
371 0.00133121276168
336 0.00133121276168
286 0.00133121276168
282 0.00133121276168
281 0.00133121276168
280 0.00133121276168
277 0.00133121276168
276 0.00133121276168
272 0.00133121276168
567 0.00133121276168
527 0.00133121276168
526 0.00133121276168
493 0.00133121276168
406 0.00133121276168
338 0.00133121276168
335 0.00133121276168
334 0.00133121276168
333 0.00133121276168
299 0.00133121276168
298 0.00133121276168
297 0.00133121276168
296 0.00133121276168
295 0.00133121276168
290 0.00133121276168
288 0.00133121276168
285 0.00133121276168
279 0.00133121276168
477 0.00133121276168
476 0.00133121276168
310 0.00133121276168
575 0.00133121276168
574 0.00133121276168
308 0.00133121276168
305 0.00133121276168
303 0.00133121276168
302 0.00133121276168
301 0.00133121276168
300 0.00133121276168
544 0.00133121276168
460 0.00133121276168
388 0.00133121276168
385 0.00133121276168
341 0.00133121276168
627 0.00133121276168
621 0.00133121276168
579 0.00133121276168
549 0.00133121276168
543 0.00133121276168
507 0.00133121276168
505 0.00133121276168
471 0.00133121276168
465 0.00133121276168
347 0.00133121276168
346 0.00133121276168
611 0.00133121276168
483 0.00133121276168
379 0.00133121276168
317 0.00133121276168
316 0.00133121276168
315 0.00133121276168
314 0.00133121276168
646 0.00132356669806
565 0.00132356669806
563 0.00132356669806
561 0.00132356669806
649 0.00132356669806
637 0.00132356669806
634 0.00132356669806
595 0.00132356669806
568 0.00132356669806
560 0.00132356669806
525 0.00132356669806
523 0.00132356669806
522 0.00132356669806
509 0.00132356669806
503 0.00132356669806
502 0.00132356669806
499 0.00132356669806
498 0.00132356669806
497 0.00132356669806
496 0.00132356669806
492 0.00132356669806
491 0.00132356669806
449 0.00132356669806
448 0.00132356669806
447 0.00132356669806
446 0.00132356669806
445 0.00132356669806
444 0.00132356669806
442 0.00132356669806
419 0.00132356669806
403 0.00132356669806
418 0.00132356669806
417 0.00132356669806
407 0.00132356669806
402 0.00132356669806
401 0.00132356669806
416 0.00132356669806
414 0.00132356669806
408 0.00132356669806
413 0.00132356669806
412 0.00132356669806
410 0.00132356669806
474 0.00132356669806
472 0.00132356669806
470 0.00132356669806
618 0.00132356669806
506 0.00132356669806
501 0.00132356669806
469 0.00132356669806
468 0.00132356669806
467 0.00132356669806
464 0.00132356669806
463 0.00132356669806
462 0.00132356669806
479 0.00132356669806
478 0.00132356669806
531 0.00132356669806
530 0.00132356669806
608 0.00132356669806
535 0.00132356669806
534 0.00132356669806
480 0.00132356669806
626 0.00132356669806
607 0.00132356669806
489 0.00132356669806
488 0.00132356669806
485 0.00132356669806
481 0.00132356669806
542 0.00132356669806
541 0.00132356669806
436 0.00132356669806
435 0.00132356669806
434 0.00132356669806
433 0.00132356669806
431 0.00132356669806
601 0.00132356669806
452 0.00132356669806
451 0.00132356669806
450 0.00132356669806
456 0.00132356669806
454 0.00132356669806
513 0.00132356669806
512 0.00132356669806
432 0.00132356669806
398 0.00132356669806
628 0.00132356669806
396 0.00132356669806
583 0.00132356669806
556 0.00132356669806
555 0.00132356669806
553 0.00132356669806
438 0.00132356669806
425 0.00132356669806
424 0.00132356669806
422 0.00132356669806
421 0.00132356669806
3 0.00128898755929
17 0.00128846418962
8 0.00128846418962
262 0.00128725877878
599 0.00128679302952
60 0.00128678584099
41 0.00128678584099
11 0.00128678584099
27 0.00128678584099
184 0.00128656246749
225 0.00128607197228
18 0.00128598295936
39 0.00128598295936
45 0.00128598295936
169 0.00128598295936
193 0.00128598295936
5 0.00128598295936
191 0.00128560908312
220 0.001285372573
453 0.00128220779176
176 0.00128198611185
221 0.00128182672777
206 0.00128147646623
214 0.00128133605433
415 0.00128082208271
633 0.00128066337842
590 0.00128066337842
204 0.00128066337842
613 0.00128066337842
195 0.00128066337842
340 0.00128066337842
182 0.00128066337842
539 0.00127995330978
367 0.00127995330978
368 0.00127995330978
648 0.00121800858915
71 0.00121583822436
624 0.00121583822436
461 0.00121583822436
72 0.00121583822436
31 0.00121583822436
28 0.00121583822436
26 0.00121583822436
24 0.00121583822436
22 0.00121583822436
20 0.00121583822436
174 0.00121583822436
35 0.00121583822436
33 0.00121583822436
32 0.00121583822436
30 0.00121583822436
29 0.00121583822436
25 0.00121583822436
23 0.00121583822436
21 0.00121583822436
10 0.00121583822436
9 0.00121583822436
7 0.00121583822436
6 0.00121583822436
237 0.00121583822436
38 0.00121583822436
37 0.00121583822436
36 0.00121583822436
34 0.00121583822436
239 0.00121583822436
238 0.00121583822436
196 0.00121583822436
194 0.00121583822436
59 0.00121583822436
58 0.00121583822436
56 0.00121583822436
55 0.00121583822436
54 0.00121583822436
53 0.00121583822436
52 0.00121583822436
51 0.00121583822436
50 0.00121583822436
46 0.00121583822436
44 0.00121583822436
48 0.00121583822436
47 0.00121583822436
42 0.00121583822436
40 0.00121583822436
15 0.00121583822436
14 0.00121583822436
49 0.00121583822436
16 0.00121583822436
12 0.00121583822436
13 0.00121583822436
143 0.00121583822436
19 0.00121583822436
198 0.00121583822436
61 0.00121583822436
65 0.00121583822436
64 0.00121583822436
67 0.00121583822436
63 0.00121583822436
62 0.00121583822436
57 0.00121583822436
175 0.00120991339177
231 0.00120991339177
218 0.00120991339177
211 0.00120991339177
192 0.00120991339177
284 0.00120991339177
213 0.00120991339177
187 0.00120991339177
185 0.00120991339177
181 0.00120991339177
581 0.00120991339177
269 0.00120991339177
216 0.00120991339177
409 0.00120829635001
647 0.00119567313939
645 0.00119567313939
644 0.00119567313939
643 0.00119567313939
642 0.00119567313939
641 0.00119567313939
639 0.00119567313939
638 0.00119567313939
636 0.00119567313939
635 0.00119567313939
632 0.00119567313939
631 0.00119567313939
630 0.00119567313939
604 0.00119567313939
602 0.00119567313939
600 0.00119567313939
597 0.00119567313939
596 0.00119567313939
594 0.00119567313939
593 0.00119567313939
592 0.00119567313939
591 0.00119567313939
566 0.00119567313939
529 0.00119567313939
524 0.00119567313939
521 0.00119567313939
508 0.00119567313939
490 0.00119567313939
441 0.00119567313939
440 0.00119567313939
377 0.00119567313939
370 0.00119567313939
369 0.00119567313939
366 0.00119567313939
364 0.00119567313939
362 0.00119567313939
361 0.00119567313939
332 0.00119567313939
291 0.00119567313939
278 0.00119567313939
271 0.00119567313939
270 0.00119567313939
242 0.00119567313939
241 0.00119567313939
210 0.00119567313939
209 0.00119567313939
208 0.00119567313939
207 0.00119567313939
202 0.00119567313939
200 0.00119567313939
190 0.00119567313939
495 0.00119567313939
494 0.00119567313939
289 0.00119567313939
457 0.00119567313939
459 0.00119567313939
458 0.00119567313939
283 0.00119567313939
519 0.00119567313939
514 0.00119567313939
393 0.00119567313939
392 0.00119567313939
318 0.00119567313939
397 0.00119567313939
395 0.00119567313939
233 0.00119567313939
230 0.00119567313939
588 0.00119567313939
311 0.00119567313939
617 0.00119567313939
616 0.00119567313939
615 0.00119567313939
614 0.00119567313939
610 0.00119567313939
585 0.00119567313939
179 0.00119567313939
178 0.00119567313939
612 0.00119567313939
577 0.00119567313939
576 0.00119567313939
319 0.00119567313939
313 0.00119567313939
312 0.00119567313939
259 0.00119567313939
258 0.00119567313939
256 0.00119567313939
255 0.00119567313939
177 0.00119567313939
629 0.00119567313939
573 0.00119567313939
572 0.00119567313939
571 0.00119567313939
500 0.00119567313939
466 0.00119567313939
383 0.00119567313939
382 0.00119567313939
380 0.00119567313939
372 0.00119567313939
229 0.00119567313939
224 0.00119567313939
223 0.00119567313939
222 0.00119567313939
625 0.00119567313939
623 0.00119567313939
622 0.00119567313939
570 0.00119567313939
545 0.00119567313939
482 0.00119567313939
304 0.00119567313939
546 0.00119567313939
306 0.00119567313939
267 0.00119567313939
263 0.00119567313939
188 0.00119567313939
180 0.00119567313939
533 0.00119567313939
348 0.00119567313939
345 0.00119567313939
344 0.00119567313939
343 0.00119567313939
342 0.00119567313939
261 0.00119567313939
260 0.00119567313939
186 0.00119567313939
538 0.00119567313939
504 0.00119567313939
373 0.00119567313939
321 0.00119567313939
326 0.00119567313939
650 0.00119567313939
558 0.00119567313939
559 0.00119567313939
552 0.00119567313939
551 0.00119567313939
550 0.00119567313939
219 0.00119567313939
355 0.00119567313939
350 0.00119567313939
352 0.00119567313939
428 0.00119567313939
353 0.00119567313939
423 0.00119567313939
427 0.00119567313939
203 0.00118711977085
254 0.00118711977085
