203 3.84999310134
 254 3.84999310134
 6 3.98246376725
 7 3.98246376725
 9 3.98246376725
 10 3.98246376725
 12 3.98246376725
 13 3.98246376725
 14 3.98246376725
 15 3.98246376725
 16 3.98246376725
 19 3.98246376725
 20 3.98246376725
 21 3.98246376725
 22 3.98246376725
 23 3.98246376725
 24 3.98246376725
 25 3.98246376725
 26 3.98246376725
 28 3.98246376725
 29 3.98246376725
 30 3.98246376725
 31 3.98246376725
 32 3.98246376725
 33 3.98246376725
 34 3.98246376725
 35 3.98246376725
 36 3.98246376725
 37 3.98246376725
 38 3.98246376725
 40 3.98246376725
 42 3.98246376725
 44 3.98246376725
 46 3.98246376725
 47 3.98246376725
 48 3.98246376725
 49 3.98246376725
 50 3.98246376725
 51 3.98246376725
 52 3.98246376725
 53 3.98246376725
 54 3.98246376725
 55 3.98246376725
 56 3.98246376725
 57 3.98246376725
 58 3.98246376725
 59 3.98246376725
 61 3.98246376725
 62 3.98246376725
 63 3.98246376725
 64 3.98246376725
 65 3.98246376725
 67 3.98246376725
 71 3.98246376725
 72 3.98246376725
 143 3.98246376725
 174 3.98246376725
 194 3.98246376725
 196 3.98246376725
 198 3.98246376725
 237 3.98246376725
 238 3.98246376725
 239 3.98246376725
 461 3.98246376725
 624 3.98246376725
 648 4.08027499057
 5 4.25586170906
 18 4.25586170906
 39 4.25586170906
 45 4.25586170906
 169 4.25586170906
 193 4.25586170906
 11 4.25798463852
 27 4.25798463852
 41 4.25798463852
 60 4.25798463852
 8 4.26234840157
 17 4.26234840157
 409 4.34560780455
 3 4.44013632217
 175 4.51787273499
 181 4.51787273499
 185 4.51787273499
 187 4.51787273499
 192 4.51787273499
 211 4.51787273499
 213 4.51787273499
 216 4.51787273499
 218 4.51787273499
 231 4.51787273499
 269 4.51787273499
 284 4.51787273499
 581 4.51787273499
 177 4.57491100512
 178 4.57491100512
 179 4.57491100512
 180 4.57491100512
 186 4.57491100512
 188 4.57491100512
 190 4.57491100512
 200 4.57491100512
 202 4.57491100512
 207 4.57491100512
 208 4.57491100512
 209 4.57491100512
 210 4.57491100512
 219 4.57491100512
 222 4.57491100512
 223 4.57491100512
 224 4.57491100512
 229 4.57491100512
 230 4.57491100512
 233 4.57491100512
 241 4.57491100512
 242 4.57491100512
 255 4.57491100512
 256 4.57491100512
 258 4.57491100512
 259 4.57491100512
 260 4.57491100512
 261 4.57491100512
 263 4.57491100512
 267 4.57491100512
 270 4.57491100512
 271 4.57491100512
 278 4.57491100512
 283 4.57491100512
 289 4.57491100512
 291 4.57491100512
 304 4.57491100512
 306 4.57491100512
 311 4.57491100512
 312 4.57491100512
 313 4.57491100512
 318 4.57491100512
 319 4.57491100512
 321 4.57491100512
 326 4.57491100512
 332 4.57491100512
 342 4.57491100512
 343 4.57491100512
 344 4.57491100512
 345 4.57491100512
 348 4.57491100512
 350 4.57491100512
 352 4.57491100512
 353 4.57491100512
 355 4.57491100512
 361 4.57491100512
 362 4.57491100512
 364 4.57491100512
 366 4.57491100512
 369 4.57491100512
 370 4.57491100512
 372 4.57491100512
 373 4.57491100512
 377 4.57491100512
 380 4.57491100512
 382 4.57491100512
 383 4.57491100512
 392 4.57491100512
 393 4.57491100512
 395 4.57491100512
 397 4.57491100512
 423 4.57491100512
 427 4.57491100512
 428 4.57491100512
 440 4.57491100512
 441 4.57491100512
 457 4.57491100512
 458 4.57491100512
 459 4.57491100512
 466 4.57491100512
 482 4.57491100512
 490 4.57491100512
 494 4.57491100512
 495 4.57491100512
 500 4.57491100512
 504 4.57491100512
 508 4.57491100512
 514 4.57491100512
 519 4.57491100512
 521 4.57491100512
 524 4.57491100512
 529 4.57491100512
 533 4.57491100512
 538 4.57491100512
 545 4.57491100512
 546 4.57491100512
 550 4.57491100512
 551 4.57491100512
 552 4.57491100512
 558 4.57491100512
 559 4.57491100512
 566 4.57491100512
 570 4.57491100512
 571 4.57491100512
 572 4.57491100512
 573 4.57491100512
 576 4.57491100512
 577 4.57491100512
 585 4.57491100512
 588 4.57491100512
 591 4.57491100512
 592 4.57491100512
 593 4.57491100512
 594 4.57491100512
 596 4.57491100512
 597 4.57491100512
 600 4.57491100512
 602 4.57491100512
 604 4.57491100512
 610 4.57491100512
 612 4.57491100512
 614 4.57491100512
 615 4.57491100512
 616 4.57491100512
 617 4.57491100512
 622 4.57491100512
 623 4.57491100512
 625 4.57491100512
 629 4.57491100512
 630 4.57491100512
 631 4.57491100512
 632 4.57491100512
 635 4.57491100512
 636 4.57491100512
 638 4.57491100512
 639 4.57491100512
 641 4.57491100512
 642 4.57491100512
 643 4.57491100512
 644 4.57491100512
 645 4.57491100512
 647 4.57491100512
 650 4.57491100512
 152 4.58830328099
 415 4.62214870268
 384 4.67578175096
 386 4.67578175096
 389 4.67578175096
 390 4.67578175096
 391 4.67578175096
 400 4.67578175096
 404 4.67578175096
 484 4.67578175096
 537 4.70348573557
 43 4.7072177519
 84 4.7072177519
 138 4.7072177519
 146 4.7072177519
 170 4.7072177519
 171 4.7072177519
 172 4.7072177519
 274 4.7072177519
 396 4.74125257712
 398 4.74125257712
 401 4.74125257712
 402 4.74125257712
 403 4.74125257712
 407 4.74125257712
 408 4.74125257712
 410 4.74125257712
 412 4.74125257712
 413 4.74125257712
 414 4.74125257712
 416 4.74125257712
 417 4.74125257712
 418 4.74125257712
 419 4.74125257712
 421 4.74125257712
 422 4.74125257712
 424 4.74125257712
 425 4.74125257712
 431 4.74125257712
 432 4.74125257712
 433 4.74125257712
 434 4.74125257712
 435 4.74125257712
 436 4.74125257712
 438 4.74125257712
 442 4.74125257712
 444 4.74125257712
 445 4.74125257712
 446 4.74125257712
 447 4.74125257712
 448 4.74125257712
 449 4.74125257712
 450 4.74125257712
 451 4.74125257712
 452 4.74125257712
 454 4.74125257712
 456 4.74125257712
 462 4.74125257712
 463 4.74125257712
 464 4.74125257712
 467 4.74125257712
 468 4.74125257712
 469 4.74125257712
 470 4.74125257712
 472 4.74125257712
 474 4.74125257712
 478 4.74125257712
 479 4.74125257712
 480 4.74125257712
 481 4.74125257712
 485 4.74125257712
 488 4.74125257712
 489 4.74125257712
 491 4.74125257712
 492 4.74125257712
 496 4.74125257712
 497 4.74125257712
 498 4.74125257712
 499 4.74125257712
 501 4.74125257712
 502 4.74125257712
 503 4.74125257712
 506 4.74125257712
 509 4.74125257712
 512 4.74125257712
 513 4.74125257712
 522 4.74125257712
 523 4.74125257712
 525 4.74125257712
 530 4.74125257712
 531 4.74125257712
 534 4.74125257712
 535 4.74125257712
 541 4.74125257712
 542 4.74125257712
 553 4.74125257712
 555 4.74125257712
 556 4.74125257712
 560 4.74125257712
 561 4.74125257712
 563 4.74125257712
 565 4.74125257712
 568 4.74125257712
 583 4.74125257712
 595 4.74125257712
 601 4.74125257712
 607 4.74125257712
 608 4.74125257712
 618 4.74125257712
 626 4.74125257712
 628 4.74125257712
 634 4.74125257712
 637 4.74125257712
 646 4.74125257712
 649 4.74125257712
 582 4.79342275709
 182 4.79387376018
 195 4.79387376018
 204 4.79387376018
 340 4.79387376018
 590 4.79387376018
 613 4.79387376018
 633 4.79387376018
 214 4.79563795863
 220 4.80623580516
 191 4.80683513523
 225 4.80808140116
 184 4.8093368786
 599 4.80995349383
 262 4.81116743665
 74 4.866301936
 540 4.866301936
 265 4.86833499546
 268 4.86833499546
 273 4.86833499546
 325 4.86833499546
 358 4.86833499546
 378 4.86833499546
 536 4.86833499546
 562 4.86833499546
 580 4.86833499546
 206 4.88015519871
 367 4.88561045923
 368 4.88561045923
 539 4.88561045923
 221 4.89048684237
 176 4.89092192477
 453 4.89150700187
 272 4.93496510329
 276 4.93496510329
 277 4.93496510329
 279 4.93496510329
 280 4.93496510329
 281 4.93496510329
 282 4.93496510329
 285 4.93496510329
 286 4.93496510329
 288 4.93496510329
 290 4.93496510329
 295 4.93496510329
 296 4.93496510329
 297 4.93496510329
 298 4.93496510329
 299 4.93496510329
 300 4.93496510329
 301 4.93496510329
 302 4.93496510329
 303 4.93496510329
 305 4.93496510329
 308 4.93496510329
 310 4.93496510329
 314 4.93496510329
 315 4.93496510329
 316 4.93496510329
 317 4.93496510329
 320 4.93496510329
 322 4.93496510329
 323 4.93496510329
 324 4.93496510329
 327 4.93496510329
 328 4.93496510329
 329 4.93496510329
 333 4.93496510329
 334 4.93496510329
 335 4.93496510329
 336 4.93496510329
 338 4.93496510329
 341 4.93496510329
 346 4.93496510329
 347 4.93496510329
 351 4.93496510329
 354 4.93496510329
 357 4.93496510329
 359 4.93496510329
 360 4.93496510329
 363 4.93496510329
 371 4.93496510329
 374 4.93496510329
 375 4.93496510329
 376 4.93496510329
 379 4.93496510329
 385 4.93496510329
 388 4.93496510329
 394 4.93496510329
 399 4.93496510329
 406 4.93496510329
 411 4.93496510329
 429 4.93496510329
 443 4.93496510329
 455 4.93496510329
 460 4.93496510329
 465 4.93496510329
 471 4.93496510329
 476 4.93496510329
 477 4.93496510329
 483 4.93496510329
 493 4.93496510329
 505 4.93496510329
 507 4.93496510329
 510 4.93496510329
 511 4.93496510329
 515 4.93496510329
 526 4.93496510329
 527 4.93496510329
 543 4.93496510329
 544 4.93496510329
 549 4.93496510329
 554 4.93496510329
 564 4.93496510329
 567 4.93496510329
 569 4.93496510329
 574 4.93496510329
 575 4.93496510329
 579 4.93496510329
 584 4.93496510329
 598 4.93496510329
 603 4.93496510329
 605 4.93496510329
 609 4.93496510329
 611 4.93496510329
 621 4.93496510329
 627 4.93496510329
 640 4.93496510329
 487 4.94726094816
 586 4.94726094816
 547 4.9516955736
 548 4.9516955736
 1 4.97478494412
 420 5.02815195341
 426 5.02815195341
 228 5.03990750553
 520 5.04358131587
 606 5.04358131587
 232 5.0688312236
 486 5.08365241593
 189 5.08476405543
 337 5.08551026604
 475 5.0861046571
 528 5.08827142882
 381 5.10273646872
 330 5.10392889674
 307 5.14133914065
 589 5.14253929238
 619 5.14288875627
 331 5.1439969588
 234 5.1497246035
 235 5.1497246035
 236 5.1497246035
 240 5.1497246035
 243 5.1497246035
 244 5.1497246035
 246 5.1497246035
 248 5.1497246035
 249 5.1497246035
 250 5.1497246035
 251 5.1497246035
 264 5.1497246035
 287 5.1497246035
 293 5.1497246035
 339 5.1497246035
 437 5.1497246035
 516 5.1497246035
 430 5.15783101203
 215 5.16877077873
 183 5.17063884871
 199 5.17759064585
 309 5.18082674312
 217 5.18209405864
 292 5.22495604787
 266 5.2401848797
 387 5.2401848797
 151 5.25731758443
 247 5.35411910418
 252 5.35872043983
 245 5.35875390361
 253 5.35932543405
 201 5.36947781983
 197 5.37045139214
 557 5.37141458519
 257 5.37601407631
 212 5.37657412903
 532 5.37715920614
 227 5.47434863756
 405 5.51844637441
 205 5.53342210172
 349 5.54752104996
 294 5.6298774428
 356 5.66377021846
 587 5.670207313
 275 5.67738775103
 85 5.69444147853
 86 5.69444147853
 87 5.69444147853
 88 5.69444147853
 89 5.69444147853
 90 5.69444147853
 92 5.69444147853
 93 5.69444147853
 95 5.69444147853
 96 5.69444147853
 97 5.69444147853
 98 5.69444147853
 99 5.69444147853
 100 5.69444147853
 101 5.69444147853
 102 5.69444147853
 103 5.69444147853
 104 5.69444147853
 105 5.69444147853
 106 5.69444147853
 107 5.69444147853
 108 5.69444147853
 109 5.69444147853
 110 5.69444147853
 111 5.69444147853
 112 5.69444147853
 113 5.69444147853
 114 5.69444147853
 115 5.69444147853
 116 5.69444147853
 117 5.69444147853
 118 5.69444147853
 119 5.69444147853
 121 5.69444147853
 122 5.69444147853
 123 5.69444147853
 124 5.69444147853
 125 5.69444147853
 126 5.69444147853
 127 5.69444147853
 128 5.69444147853
 129 5.69444147853
 130 5.69444147853
 131 5.69444147853
 132 5.69444147853
 133 5.69444147853
 134 5.69444147853
 135 5.69444147853
 136 5.69444147853
 137 5.69444147853
 139 5.69444147853
 140 5.69444147853
 141 5.69444147853
 142 5.69444147853
 144 5.69444147853
 155 5.69444147853
 156 5.69444147853
 157 5.69444147853
 158 5.69444147853
 159 5.69444147853
 160 5.69444147853
 161 5.69444147853
 162 5.69444147853
 163 5.69444147853
 164 5.69444147853
 165 5.69444147853
 167 5.69444147853
 168 5.69444147853
 173 5.69444147853
 365 5.71255801615
 226 5.77180203872
 145 5.77219601412
 439 5.80366407075
 578 5.80677348974
 2 5.81170030742
 69 5.85507273608
 70 5.85507273608
 79 5.9722303099
 91 5.98532587106
 94 5.98532587106
 166 5.98706578836
 120 5.99049559748
 620 6.0020369591
 4 6.06319064861
 518 6.10198577161
 147 6.12913471127
 150 6.1379707379
 473 6.16506685099
 66 6.16720262165
 76 6.23675658841
 149 6.32234225842
 517 6.44625104786
 73 6.45433843034
 68 6.49744747284
 75 6.49744747284
 77 6.49744747284
 78 6.49744747284
 80 6.49744747284
 81 6.49744747284
 82 6.49744747284
 83 6.49744747284
 154 6.49823725385
 153 6.4998790976
 148 7.05721539096

