2 0.00301109661446
33 0.00267548315434
39 0.0026236465566
34 0.00252688938431
8 0.00247517671093
71 0.00241379991486
67 0.00235891093044
53 0.002339358477
69 0.00232654760473
46 0.00232637700836
62 0.0023018657297
51 0.00228446446813
10 0.00226310203532
68 0.00225126008558
6 0.002250098347
12 0.00224910665338
60 0.00222407132183
1 0.00219879583123
52 0.00217682522045
55 0.00217632368479
30 0.00217385683018
64 0.00217243484193
58 0.00215324407257
4 0.0021480949473
72 0.00209970471865
11 0.00209969794436
19 0.00209819257481
16 0.00209783143715
59 0.00209678993092
54 0.00205861973126
73 0.00203909966112
23 0.00202489022782
63 0.00202202690985
76 0.00202100419968
61 0.00201998506326
43 0.0020020037186
42 0.00194903053439
26 0.00194897086899
15 0.00194888261558
47 0.00194884778916
35 0.00194865500436
24 0.00194834746601
44 0.00194817725
75 0.00194601257204
22 0.00192198065975
13 0.00190082819946
41 0.00188949484682
21 0.00187294309835
31 0.00186870355292
32 0.0018373599466
56 0.0017966309752
9 0.00179644741595
65 0.0017963173431
38 0.00179594271905
57 0.00179445564355
74 0.00173741919387
66 0.00172003724073
45 0.00171970312304
48 0.00170287975059
49 0.00166537464556
5 0.00166438963879
27 0.00164894874534
18 0.0016428409439
20 0.00164264192825
29 0.00164238523659
70 0.00164234981549
37 0.00164020916617
25 0.00156545048689
28 0.00156531905677
36 0.00156526226111
50 0.00156477092925
0 0.00155881717153
3 0.00154048831353
40 0.00149278182202
14 0.00148773111202
17 0.00148747829178
7 0.00148385106261
