568 0.00194278734424
597 0.00193541104097
567 0.00174773537529
709 0.00173827517089
315 0.00171159358307
513 0.00170983208512
512 0.00170983208512
219 0.00170603909366
553 0.00170425891632
508 0.00168975400858
715 0.00167368805616
677 0.00164521734874
688 0.00163647179171
511 0.00163340193215
543 0.00163322328154
105 0.00163274392288
656 0.00163207770624
554 0.00163207770624
542 0.0016303893527
600 0.00163020425891
619 0.00160999959014
653 0.00156700316178
671 0.00156698908394
672 0.00156668955728
615 0.00156244772232
626 0.00155881717153
737 0.00155881717153
689 0.00155863495779
570 0.00155824743744
99 0.00155824743744
701 0.00155824743744
564 0.00155767646713
735 0.00155767646713
154 0.00155755608214
563 0.00155441288458
652 0.00155441288458
516 0.00155441288458
218 0.00155417779485
213 0.00155417779485
555 0.00155417779485
525 0.00155242207327
524 0.00155242207327
692 0.00155242207327
607 0.00155242207327
209 0.00155242207327
730 0.00154329263744
629 0.001531977809
514 0.00151331543586
657 0.00148896512183
620 0.00148890613532
649 0.00148890613532
684 0.00148776144314
687 0.00148329338429
665 0.00148329338429
611 0.00148177689889
681 0.00148177689889
719 0.00147579460741
718 0.00147579460741
712 0.00147579460741
682 0.00147579460741
680 0.00147579460741
674 0.00147579460741
673 0.00147579460741
670 0.00147579460741
599 0.00147579460741
598 0.00147579460741
527 0.00147579460741
526 0.00147579460741
523 0.00147579460741
522 0.00147579460741
519 0.00147579460741
518 0.00147579460741
714 0.00147579460741
711 0.00147579460741
710 0.00147579460741
533 0.00147579460741
708 0.00147579460741
707 0.00147579460741
706 0.00147579460741
704 0.00147579460741
703 0.00147579460741
702 0.00147579460741
700 0.00147579460741
537 0.00147579460741
532 0.00147579460741
531 0.00147579460741
530 0.00147579460741
159 0.00147579460741
158 0.00147579460741
539 0.00147579460741
536 0.00147579460741
535 0.00147579460741
534 0.00147579460741
725 0.00147579460741
622 0.00147579460741
549 0.00147579460741
548 0.00147579460741
547 0.00147579460741
546 0.00147579460741
545 0.00147579460741
540 0.00147579460741
538 0.00147579460741
212 0.00147579460741
569 0.00147579460741
552 0.00147579460741
521 0.00147579460741
520 0.00147579460741
216 0.00147579460741
211 0.00147579460741
210 0.00147579460741
566 0.00147579460741
565 0.00147579460741
560 0.00147579460741
529 0.00147579460741
668 0.00147579460741
55 0.00147579460741
208 0.00147579460741
614 0.00147579460741
613 0.00147579460741
612 0.00147579460741
610 0.00147579460741
559 0.00147579460741
558 0.00147579460741
738 0.00147579460741
736 0.00147579460741
734 0.00147579460741
733 0.00147579460741
732 0.00147579460741
731 0.00147579460741
699 0.00147579460741
698 0.00147579460741
697 0.00147579460741
696 0.00147579460741
695 0.00147579460741
691 0.00147579460741
658 0.00147579460741
609 0.00147579460741
608 0.00147579460741
606 0.00147579460741
605 0.00147579460741
604 0.00147579460741
602 0.00147579460741
601 0.00147579460741
557 0.00147579460741
556 0.00147579460741
551 0.00147579460741
550 0.00147579460741
528 0.00147579460741
517 0.00147579460741
515 0.00147579460741
217 0.00147579460741
215 0.00147579460741
214 0.00147579460741
729 0.00146014896175
728 0.00146014896175
727 0.00146014896175
726 0.00146014896175
716 0.00145764517918
571 0.00145737732659
654 0.00145416355587
717 0.00145184884822
683 0.00144586975526
651 0.00144586975526
655 0.00141904536139
618 0.0014067771715
616 0.0014067771715
667 0.0014067771715
666 0.0014067771715
664 0.0014067771715
663 0.0014067771715
662 0.0014067771715
661 0.0014067771715
660 0.0014067771715
679 0.0014067771715
678 0.0014067771715
676 0.0014067771715
686 0.0014067771715
675 0.0014067771715
639 0.0014067771715
638 0.0014067771715
637 0.0014067771715
636 0.0014067771715
635 0.0014067771715
634 0.0014067771715
633 0.0014067771715
632 0.0014067771715
631 0.0014067771715
630 0.0014067771715
647 0.0014067771715
645 0.0014067771715
644 0.0014067771715
643 0.0014067771715
642 0.0014067771715
641 0.0014067771715
640 0.0014067771715
648 0.0014067771715
627 0.0014067771715
625 0.0014067771715
624 0.0014067771715
623 0.0014067771715
621 0.0014067771715
659 0.0014067771715
650 0.0014067771715
628 0.0014067771715
690 0.00138775588943
713 0.00138625399899
724 0.00138305113983
723 0.00138305113983
722 0.00138305113983
721 0.00138305113983
720 0.00138305113983
617 0.00137558485102
541 0.00137558485102
575 0.0013457665958
591 0.00134425984124
669 0.00133987800815
685 0.00133987800815
646 0.00133987800815
603 0.00131447082224
705 0.00131412311044
587 0.00131103417802
694 0.00130632043396
581 0.0012704225432
580 0.0012704225432
583 0.0012704225432
582 0.0012704225432
586 0.0012704225432
584 0.0012704225432
588 0.0012704225432
585 0.0012704225432
589 0.0012704225432
572 0.0012704225432
578 0.0012704225432
577 0.0012704225432
576 0.0012704225432
574 0.0012704225432
573 0.0012704225432
596 0.0012704225432
595 0.0012704225432
594 0.0012704225432
593 0.0012704225432
592 0.0012704225432
590 0.0012704225432
579 0.0012704225432
693 0.00126641915476
16 0.0011348316709
20 0.00109290525273
79 0.00109272203433
153 0.00109268376142
14 0.00108756350068
78 0.00108756350068
72 0.00108756350068
135 0.00108756350068
25 0.00108756350068
24 0.00108756350068
178 0.00108756350068
207 0.00108552215431
190 0.00108552215431
115 0.00108552215431
110 0.00108552215431
93 0.00108552215431
53 0.00108552215431
12 0.00108552215431
30 0.00108552215431
46 0.00108552215431
42 0.00108552215431
76 0.00108552215431
74 0.00108552215431
28 0.00108552215431
385 0.00107294610365
396 0.00107290077366
263 0.00107282905784
261 0.00107282905784
333 0.00106770818763
400 0.00106770818763
310 0.00106770818763
231 0.00106770818763
314 0.00106770818763
486 0.00106770818763
344 0.00106770818763
352 0.00106770818763
455 0.00106616435778
238 0.00106616435778
319 0.00106616435778
309 0.00106616435778
269 0.00106616435778
266 0.00106616435778
264 0.00106616435778
34 0.00105164935518
510 0.00105081216659
507 0.00105081216659
97 0.00105076569918
368 0.00105076569918
17 0.00105076569918
84 0.00105076569918
561 0.00105059416433
192 0.00104763430133
239 0.00104763430133
2 0.00104763430133
129 0.00104298288008
562 0.00104298288008
127 0.00104298288008
161 0.00104298288008
160 0.00104298288008
504 0.000995129890926
206 0.000995129890926
205 0.000995129890926
204 0.000995129890926
203 0.000995129890926
202 0.000995129890926
201 0.000995129890926
200 0.000995129890926
199 0.000995129890926
198 0.000995129890926
197 0.000995129890926
196 0.000995129890926
195 0.000995129890926
194 0.000995129890926
157 0.000995129890926
156 0.000995129890926
155 0.000995129890926
152 0.000995129890926
151 0.000995129890926
150 0.000995129890926
149 0.000995129890926
148 0.000995129890926
147 0.000995129890926
146 0.000995129890926
145 0.000995129890926
144 0.000995129890926
143 0.000995129890926
142 0.000995129890926
141 0.000995129890926
140 0.000995129890926
128 0.000995129890926
121 0.000995129890926
120 0.000995129890926
119 0.000995129890926
118 0.000995129890926
117 0.000995129890926
116 0.000995129890926
113 0.000995129890926
112 0.000995129890926
111 0.000995129890926
98 0.000995129890926
96 0.000995129890926
95 0.000995129890926
94 0.000995129890926
92 0.000995129890926
91 0.000995129890926
90 0.000995129890926
69 0.000995129890926
68 0.000995129890926
67 0.000995129890926
66 0.000995129890926
65 0.000995129890926
64 0.000995129890926
61 0.000995129890926
60 0.000995129890926
59 0.000995129890926
58 0.000995129890926
56 0.000995129890926
54 0.000995129890926
52 0.000995129890926
51 0.000995129890926
50 0.000995129890926
19 0.000995129890926
18 0.000995129890926
15 0.000995129890926
13 0.000995129890926
11 0.000995129890926
193 0.000995129890926
63 0.000995129890926
191 0.000995129890926
509 0.000995129890926
503 0.000995129890926
502 0.000995129890926
126 0.000995129890926
125 0.000995129890926
124 0.000995129890926
123 0.000995129890926
122 0.000995129890926
505 0.000995129890926
39 0.000995129890926
38 0.000995129890926
37 0.000995129890926
36 0.000995129890926
35 0.000995129890926
33 0.000995129890926
32 0.000995129890926
31 0.000995129890926
506 0.000995129890926
501 0.000995129890926
179 0.000995129890926
177 0.000995129890926
173 0.000995129890926
172 0.000995129890926
171 0.000995129890926
170 0.000995129890926
62 0.000995129890926
10 0.000995129890926
9 0.000995129890926
8 0.000995129890926
7 0.000995129890926
6 0.000995129890926
5 0.000995129890926
4 0.000995129890926
3 0.000995129890926
1 0.000995129890926
0 0.000995129890926
176 0.000995129890926
175 0.000995129890926
174 0.000995129890926
138 0.000995129890926
134 0.000995129890926
133 0.000995129890926
132 0.000995129890926
131 0.000995129890926
130 0.000995129890926
101 0.000995129890926
100 0.000995129890926
29 0.000995129890926
27 0.000995129890926
26 0.000995129890926
23 0.000995129890926
22 0.000995129890926
21 0.000995129890926
544 0.000995129890926
137 0.000995129890926
136 0.000995129890926
104 0.000995129890926
103 0.000995129890926
102 0.000995129890926
189 0.000995129890926
188 0.000995129890926
187 0.000995129890926
186 0.000995129890926
185 0.000995129890926
184 0.000995129890926
183 0.000995129890926
182 0.000995129890926
181 0.000995129890926
180 0.000995129890926
109 0.000995129890926
108 0.000995129890926
107 0.000995129890926
83 0.000995129890926
82 0.000995129890926
81 0.000995129890926
80 0.000995129890926
169 0.000995129890926
168 0.000995129890926
167 0.000995129890926
166 0.000995129890926
165 0.000995129890926
164 0.000995129890926
163 0.000995129890926
162 0.000995129890926
89 0.000995129890926
88 0.000995129890926
87 0.000995129890926
86 0.000995129890926
85 0.000995129890926
77 0.000995129890926
75 0.000995129890926
73 0.000995129890926
71 0.000995129890926
70 0.000995129890926
57 0.000995129890926
47 0.000995129890926
45 0.000995129890926
44 0.000995129890926
43 0.000995129890926
41 0.000995129890926
40 0.000995129890926
49 0.000995129890926
48 0.000995129890926
237 0.000970274215641
236 0.000970274215641
235 0.000970274215641
349 0.000970274215641
234 0.000970274215641
233 0.000970274215641
476 0.000970274215641
474 0.000970274215641
472 0.000970274215641
408 0.000970274215641
308 0.000970274215641
307 0.000970274215641
305 0.000970274215641
303 0.000970274215641
301 0.000970274215641
260 0.000970274215641
258 0.000970274215641
249 0.000970274215641
232 0.000970274215641
230 0.000970274215641
477 0.000970274215641
475 0.000970274215641
473 0.000970274215641
409 0.000970274215641
404 0.000970274215641
306 0.000970274215641
304 0.000970274215641
302 0.000970274215641
300 0.000970274215641
268 0.000970274215641
406 0.000970274215641
405 0.000970274215641
283 0.000970274215641
282 0.000970274215641
407 0.000970274215641
402 0.000970274215641
401 0.000970274215641
341 0.000970274215641
340 0.000970274215641
281 0.000970274215641
280 0.000970274215641
497 0.000970274215641
496 0.000970274215641
403 0.000970274215641
347 0.000970274215641
346 0.000970274215641
345 0.000970274215641
343 0.000970274215641
342 0.000970274215641
318 0.000970274215641
287 0.000970274215641
286 0.000970274215641
250 0.000970274215641
495 0.000970274215641
494 0.000970274215641
433 0.000970274215641
431 0.000970274215641
430 0.000970274215641
348 0.000970274215641
289 0.000970274215641
288 0.000970274215641
285 0.000970274215641
284 0.000970274215641
493 0.000970274215641
492 0.000970274215641
489 0.000970274215641
437 0.000970274215641
436 0.000970274215641
435 0.000970274215641
434 0.000970274215641
491 0.000970274215641
490 0.000970274215641
488 0.000970274215641
483 0.000970274215641
482 0.000970274215641
378 0.000970274215641
267 0.000970274215641
265 0.000970274215641
262 0.000970274215641
248 0.000970274215641
499 0.000970274215641
498 0.000970274215641
487 0.000970274215641
485 0.000970274215641
484 0.000970274215641
481 0.000970274215641
480 0.000970274215641
471 0.000970274215641
470 0.000970274215641
387 0.000970274215641
386 0.000970274215641
384 0.000970274215641
383 0.000970274215641
382 0.000970274215641
381 0.000970274215641
380 0.000970274215641
478 0.000970274215641
389 0.000970274215641
388 0.000970274215641
479 0.000970274215641
223 0.000970274215641
222 0.000970274215641
221 0.000970274215641
273 0.000970274215641
272 0.000970274215641
229 0.000970274215641
227 0.000970274215641
226 0.000970274215641
225 0.000970274215641
220 0.000970274215641
271 0.000970274215641
270 0.000970274215641
228 0.000970274215641
277 0.000970274215641
276 0.000970274215641
463 0.000970274215641
462 0.000970274215641
461 0.000970274215641
460 0.000970274215641
275 0.000970274215641
274 0.000970274215641
467 0.000970274215641
466 0.000970274215641
465 0.000970274215641
464 0.000970274215641
279 0.000970274215641
278 0.000970274215641
500 0.000970274215641
469 0.000970274215641
468 0.000970274215641
441 0.000970274215641
440 0.000970274215641
372 0.000970274215641
256 0.000970274215641
443 0.000970274215641
442 0.000970274215641
257 0.000970274215641
255 0.000970274215641
254 0.000970274215641
252 0.000970274215641
445 0.000970274215641
444 0.000970274215641
379 0.000970274215641
317 0.000970274215641
316 0.000970274215641
313 0.000970274215641
312 0.000970274215641
311 0.000970274215641
259 0.000970274215641
253 0.000970274215641
251 0.000970274215641
447 0.000970274215641
446 0.000970274215641
449 0.000970274215641
448 0.000970274215641
371 0.000970274215641
370 0.000970274215641
377 0.000970274215641
376 0.000970274215641
375 0.000970274215641
374 0.000970274215641
338 0.000970274215641
339 0.000970274215641
336 0.000970274215641
337 0.000970274215641
334 0.000970274215641
335 0.000970274215641
332 0.000970274215641
330 0.000970274215641
459 0.000970274215641
458 0.000970274215641
457 0.000970274215641
456 0.000970274215641
454 0.000970274215641
453 0.000970274215641
452 0.000970274215641
451 0.000970274215641
450 0.000970274215641
439 0.000970274215641
438 0.000970274215641
432 0.000970274215641
429 0.000970274215641
428 0.000970274215641
427 0.000970274215641
426 0.000970274215641
425 0.000970274215641
424 0.000970274215641
423 0.000970274215641
422 0.000970274215641
421 0.000970274215641
420 0.000970274215641
419 0.000970274215641
418 0.000970274215641
417 0.000970274215641
416 0.000970274215641
415 0.000970274215641
414 0.000970274215641
413 0.000970274215641
412 0.000970274215641
411 0.000970274215641
410 0.000970274215641
399 0.000970274215641
398 0.000970274215641
397 0.000970274215641
395 0.000970274215641
394 0.000970274215641
393 0.000970274215641
392 0.000970274215641
391 0.000970274215641
390 0.000970274215641
373 0.000970274215641
369 0.000970274215641
367 0.000970274215641
366 0.000970274215641
365 0.000970274215641
364 0.000970274215641
363 0.000970274215641
362 0.000970274215641
361 0.000970274215641
360 0.000970274215641
359 0.000970274215641
358 0.000970274215641
357 0.000970274215641
356 0.000970274215641
355 0.000970274215641
354 0.000970274215641
353 0.000970274215641
351 0.000970274215641
350 0.000970274215641
331 0.000970274215641
329 0.000970274215641
328 0.000970274215641
327 0.000970274215641
326 0.000970274215641
325 0.000970274215641
324 0.000970274215641
323 0.000970274215641
322 0.000970274215641
321 0.000970274215641
320 0.000970274215641
299 0.000970274215641
298 0.000970274215641
297 0.000970274215641
296 0.000970274215641
295 0.000970274215641
294 0.000970274215641
293 0.000970274215641
292 0.000970274215641
291 0.000970274215641
290 0.000970274215641
247 0.000970274215641
246 0.000970274215641
245 0.000970274215641
244 0.000970274215641
243 0.000970274215641
242 0.000970274215641
241 0.000970274215641
240 0.000970274215641
224 0.000963112942295
139 0.000963112942295
114 0.000963112942295
106 0.000963112942295
