7 159.633906074
17 160.74447446
14 160.750686976
40 160.809397884
3 163.15590498
50 170.193425046
36 170.205707342
28 170.20695134
25 170.210249757
27 178.703681411
37 179.561639279
20 179.603231856
70 179.614925782
29 179.615900455
18 179.627054455
5 181.287375475
49 181.311956159
48 185.365554992
45 188.980294232
66 189.008389995
74 190.295126757
57 198.254735812
38 198.309939116
65 198.320285264
9 198.342521111
56 198.347016708
32 202.916655203
31 207.548243604
21 207.653667218
41 208.596508047
13 209.136043913
22 212.86614392
15 214.943483165
75 216.856603707
24 216.876009906
44 216.891258583
35 216.902832734
42 216.912225506
47 216.92738694
26 216.930588958
43 222.680344098
76 225.675409765
61 226.041875908
63 226.111887643
23 226.183212998
73 226.938829705
54 229.381873939
59 235.258278104
16 235.342957991
11 235.350038518
19 235.352137963
72 235.389776508
4 239.459096273
58 241.304336896
1 241.851796446
64 244.506539321
30 244.561798512
55 244.623093701
52 244.635474989
60 250.332171579
12 251.810938129
6 253.729630915
68 253.778211728
10 254.398643086
51 254.97982413
62 259.546161874
69 262.946305583
46 262.961655169
53 263.565364556
67 266.01540636
71 271.668652277
8 281.171933276
34 287.001651758
39 299.40102817
33 304.889582029
2 345.509653813
