106 3.8606659798
114 3.8606659798
139 3.8606659798
224 3.8606659798
220 3.96337371114
221 3.96337371114
222 3.96337371114
223 3.96337371114
225 3.96337371114
226 3.96337371114
227 3.96337371114
228 3.96337371114
229 3.96337371114
230 3.96337371114
232 3.96337371114
233 3.96337371114
234 3.96337371114
235 3.96337371114
236 3.96337371114
237 3.96337371114
240 3.96337371114
241 3.96337371114
242 3.96337371114
243 3.96337371114
244 3.96337371114
245 3.96337371114
246 3.96337371114
247 3.96337371114
248 3.96337371114
249 3.96337371114
250 3.96337371114
251 3.96337371114
252 3.96337371114
253 3.96337371114
254 3.96337371114
255 3.96337371114
256 3.96337371114
257 3.96337371114
258 3.96337371114
259 3.96337371114
260 3.96337371114
262 3.96337371114
265 3.96337371114
267 3.96337371114
268 3.96337371114
270 3.96337371114
271 3.96337371114
272 3.96337371114
273 3.96337371114
274 3.96337371114
275 3.96337371114
276 3.96337371114
277 3.96337371114
278 3.96337371114
279 3.96337371114
280 3.96337371114
281 3.96337371114
282 3.96337371114
283 3.96337371114
284 3.96337371114
285 3.96337371114
286 3.96337371114
287 3.96337371114
288 3.96337371114
289 3.96337371114
290 3.96337371114
291 3.96337371114
292 3.96337371114
293 3.96337371114
294 3.96337371114
295 3.96337371114
296 3.96337371114
297 3.96337371114
298 3.96337371114
299 3.96337371114
300 3.96337371114
301 3.96337371114
302 3.96337371114
303 3.96337371114
304 3.96337371114
305 3.96337371114
306 3.96337371114
307 3.96337371114
308 3.96337371114
311 3.96337371114
312 3.96337371114
313 3.96337371114
316 3.96337371114
317 3.96337371114
318 3.96337371114
320 3.96337371114
321 3.96337371114
322 3.96337371114
323 3.96337371114
324 3.96337371114
325 3.96337371114
326 3.96337371114
327 3.96337371114
328 3.96337371114
329 3.96337371114
330 3.96337371114
331 3.96337371114
332 3.96337371114
334 3.96337371114
335 3.96337371114
336 3.96337371114
337 3.96337371114
338 3.96337371114
339 3.96337371114
340 3.96337371114
341 3.96337371114
342 3.96337371114
343 3.96337371114
345 3.96337371114
346 3.96337371114
347 3.96337371114
348 3.96337371114
349 3.96337371114
350 3.96337371114
351 3.96337371114
353 3.96337371114
354 3.96337371114
355 3.96337371114
356 3.96337371114
357 3.96337371114
358 3.96337371114
359 3.96337371114
360 3.96337371114
361 3.96337371114
362 3.96337371114
363 3.96337371114
364 3.96337371114
365 3.96337371114
366 3.96337371114
367 3.96337371114
369 3.96337371114
370 3.96337371114
371 3.96337371114
372 3.96337371114
373 3.96337371114
374 3.96337371114
375 3.96337371114
376 3.96337371114
377 3.96337371114
378 3.96337371114
379 3.96337371114
380 3.96337371114
381 3.96337371114
382 3.96337371114
383 3.96337371114
384 3.96337371114
386 3.96337371114
387 3.96337371114
388 3.96337371114
389 3.96337371114
390 3.96337371114
391 3.96337371114
392 3.96337371114
393 3.96337371114
394 3.96337371114
395 3.96337371114
397 3.96337371114
398 3.96337371114
399 3.96337371114
401 3.96337371114
402 3.96337371114
403 3.96337371114
404 3.96337371114
405 3.96337371114
406 3.96337371114
407 3.96337371114
408 3.96337371114
409 3.96337371114
410 3.96337371114
411 3.96337371114
412 3.96337371114
413 3.96337371114
414 3.96337371114
415 3.96337371114
416 3.96337371114
417 3.96337371114
418 3.96337371114
419 3.96337371114
420 3.96337371114
421 3.96337371114
422 3.96337371114
423 3.96337371114
424 3.96337371114
425 3.96337371114
426 3.96337371114
427 3.96337371114
428 3.96337371114
429 3.96337371114
430 3.96337371114
431 3.96337371114
432 3.96337371114
433 3.96337371114
434 3.96337371114
435 3.96337371114
436 3.96337371114
437 3.96337371114
438 3.96337371114
439 3.96337371114
440 3.96337371114
441 3.96337371114
442 3.96337371114
443 3.96337371114
444 3.96337371114
445 3.96337371114
446 3.96337371114
447 3.96337371114
448 3.96337371114
449 3.96337371114
450 3.96337371114
451 3.96337371114
452 3.96337371114
453 3.96337371114
454 3.96337371114
456 3.96337371114
457 3.96337371114
458 3.96337371114
459 3.96337371114
460 3.96337371114
461 3.96337371114
462 3.96337371114
463 3.96337371114
464 3.96337371114
465 3.96337371114
466 3.96337371114
467 3.96337371114
468 3.96337371114
469 3.96337371114
470 3.96337371114
471 3.96337371114
472 3.96337371114
473 3.96337371114
474 3.96337371114
475 3.96337371114
476 3.96337371114
477 3.96337371114
478 3.96337371114
479 3.96337371114
480 3.96337371114
481 3.96337371114
482 3.96337371114
483 3.96337371114
484 3.96337371114
485 3.96337371114
487 3.96337371114
488 3.96337371114
489 3.96337371114
490 3.96337371114
491 3.96337371114
492 3.96337371114
493 3.96337371114
494 3.96337371114
495 3.96337371114
496 3.96337371114
497 3.96337371114
498 3.96337371114
499 3.96337371114
500 3.96337371114
1 4.02163643045
3 4.02163643045
4 4.02163643045
5 4.02163643045
6 4.02163643045
7 4.02163643045
8 4.02163643045
9 4.02163643045
10 4.02163643045
11 4.02163643045
13 4.02163643045
15 4.02163643045
18 4.02163643045
19 4.02163643045
21 4.02163643045
22 4.02163643045
23 4.02163643045
26 4.02163643045
27 4.02163643045
29 4.02163643045
31 4.02163643045
32 4.02163643045
33 4.02163643045
35 4.02163643045
36 4.02163643045
37 4.02163643045
38 4.02163643045
39 4.02163643045
40 4.02163643045
41 4.02163643045
43 4.02163643045
44 4.02163643045
45 4.02163643045
47 4.02163643045
48 4.02163643045
49 4.02163643045
50 4.02163643045
51 4.02163643045
52 4.02163643045
54 4.02163643045
56 4.02163643045
57 4.02163643045
58 4.02163643045
59 4.02163643045
60 4.02163643045
61 4.02163643045
62 4.02163643045
63 4.02163643045
64 4.02163643045
65 4.02163643045
66 4.02163643045
67 4.02163643045
68 4.02163643045
69 4.02163643045
70 4.02163643045
71 4.02163643045
73 4.02163643045
75 4.02163643045
77 4.02163643045
80 4.02163643045
81 4.02163643045
82 4.02163643045
83 4.02163643045
85 4.02163643045
86 4.02163643045
87 4.02163643045
88 4.02163643045
89 4.02163643045
90 4.02163643045
91 4.02163643045
92 4.02163643045
94 4.02163643045
95 4.02163643045
96 4.02163643045
98 4.02163643045
100 4.02163643045
101 4.02163643045
102 4.02163643045
103 4.02163643045
104 4.02163643045
107 4.02163643045
108 4.02163643045
109 4.02163643045
111 4.02163643045
112 4.02163643045
113 4.02163643045
116 4.02163643045
117 4.02163643045
118 4.02163643045
119 4.02163643045
120 4.02163643045
121 4.02163643045
122 4.02163643045
123 4.02163643045
124 4.02163643045
125 4.02163643045
126 4.02163643045
128 4.02163643045
130 4.02163643045
131 4.02163643045
132 4.02163643045
133 4.02163643045
134 4.02163643045
136 4.02163643045
137 4.02163643045
138 4.02163643045
140 4.02163643045
141 4.02163643045
142 4.02163643045
143 4.02163643045
144 4.02163643045
145 4.02163643045
146 4.02163643045
147 4.02163643045
148 4.02163643045
149 4.02163643045
150 4.02163643045
151 4.02163643045
152 4.02163643045
155 4.02163643045
156 4.02163643045
157 4.02163643045
162 4.02163643045
163 4.02163643045
164 4.02163643045
165 4.02163643045
166 4.02163643045
167 4.02163643045
168 4.02163643045
169 4.02163643045
170 4.02163643045
171 4.02163643045
172 4.02163643045
173 4.02163643045
174 4.02163643045
175 4.02163643045
176 4.02163643045
177 4.02163643045
179 4.02163643045
180 4.02163643045
181 4.02163643045
182 4.02163643045
183 4.02163643045
184 4.02163643045
185 4.02163643045
186 4.02163643045
187 4.02163643045
188 4.02163643045
189 4.02163643045
191 4.02163643045
193 4.02163643045
194 4.02163643045
195 4.02163643045
196 4.02163643045
197 4.02163643045
198 4.02163643045
199 4.02163643045
200 4.02163643045
201 4.02163643045
202 4.02163643045
203 4.02163643045
204 4.02163643045
205 4.02163643045
206 4.02163643045
501 4.02163643045
502 4.02163643045
503 4.02163643045
504 4.02163643045
505 4.02163643045
506 4.02163643045
509 4.02163643045
544 4.02163643045
127 4.13478957088
129 4.13478957088
160 4.13478957088
161 4.13478957088
562 4.13478957088
2 4.14407668257
192 4.14407668257
239 4.14407668257
561 4.15347173938
17 4.15401123135
84 4.15401123135
97 4.15401123135
368 4.15401123135
507 4.15405737467
510 4.15405737467
34 4.15613040108
238 4.27551424591
264 4.27551424591
266 4.27551424591
269 4.27551424591
309 4.27551424591
319 4.27551424591
455 4.27551424591
231 4.2792803867
310 4.2792803867
314 4.2792803867
333 4.2792803867
344 4.2792803867
352 4.2792803867
400 4.2792803867
486 4.2792803867
261 4.29179585011
263 4.29179585011
396 4.29196738471
385 4.29206207703
12 4.320847451
28 4.320847451
30 4.320847451
42 4.320847451
46 4.320847451
53 4.320847451
74 4.320847451
76 4.320847451
93 4.320847451
110 4.320847451
115 4.320847451
190 4.320847451
207 4.320847451
14 4.32581433398
24 4.32581433398
25 4.32581433398
72 4.32581433398
78 4.32581433398
135 4.32581433398
178 4.32581433398
153 4.3383297974
79 4.33840619438
20 4.33886383485
16 4.43615348494
717 4.47975285551
716 4.49394125769
693 4.60258339457
572 4.6032025526
573 4.6032025526
574 4.6032025526
576 4.6032025526
577 4.6032025526
578 4.6032025526
579 4.6032025526
580 4.6032025526
581 4.6032025526
582 4.6032025526
583 4.6032025526
584 4.6032025526
585 4.6032025526
586 4.6032025526
588 4.6032025526
589 4.6032025526
590 4.6032025526
592 4.6032025526
593 4.6032025526
594 4.6032025526
595 4.6032025526
596 4.6032025526
694 4.62715998625
587 4.63660794273
55 4.68193410997
158 4.68193410997
159 4.68193410997
208 4.68193410997
210 4.68193410997
211 4.68193410997
212 4.68193410997
214 4.68193410997
215 4.68193410997
216 4.68193410997
217 4.68193410997
515 4.68193410997
517 4.68193410997
518 4.68193410997
519 4.68193410997
520 4.68193410997
521 4.68193410997
522 4.68193410997
523 4.68193410997
526 4.68193410997
527 4.68193410997
528 4.68193410997
529 4.68193410997
530 4.68193410997
531 4.68193410997
532 4.68193410997
533 4.68193410997
534 4.68193410997
535 4.68193410997
536 4.68193410997
537 4.68193410997
538 4.68193410997
539 4.68193410997
540 4.68193410997
545 4.68193410997
546 4.68193410997
547 4.68193410997
548 4.68193410997
549 4.68193410997
550 4.68193410997
551 4.68193410997
552 4.68193410997
556 4.68193410997
557 4.68193410997
558 4.68193410997
559 4.68193410997
560 4.68193410997
565 4.68193410997
566 4.68193410997
569 4.68193410997
598 4.68193410997
599 4.68193410997
601 4.68193410997
602 4.68193410997
604 4.68193410997
605 4.68193410997
606 4.68193410997
608 4.68193410997
609 4.68193410997
610 4.68193410997
612 4.68193410997
613 4.68193410997
614 4.68193410997
622 4.68193410997
658 4.68193410997
668 4.68193410997
670 4.68193410997
673 4.68193410997
674 4.68193410997
680 4.68193410997
682 4.68193410997
691 4.68193410997
695 4.68193410997
696 4.68193410997
697 4.68193410997
698 4.68193410997
699 4.68193410997
700 4.68193410997
702 4.68193410997
703 4.68193410997
704 4.68193410997
706 4.68193410997
707 4.68193410997
708 4.68193410997
710 4.68193410997
711 4.68193410997
712 4.68193410997
714 4.68193410997
718 4.68193410997
719 4.68193410997
725 4.68193410997
731 4.68193410997
732 4.68193410997
733 4.68193410997
734 4.68193410997
736 4.68193410997
738 4.68193410997
646 4.68303763821
669 4.68303763821
685 4.68303763821
541 4.68583457986
617 4.68583457986
651 4.68810799285
683 4.68810799285
603 4.69941496127
514 4.71282864825
705 4.71480697477
591 4.86345768506
575 4.86713459363
720 4.89024887293
721 4.89024887293
722 4.89024887293
723 4.89024887293
724 4.89024887293
616 4.92640501721
618 4.92640501721
621 4.92640501721
623 4.92640501721
624 4.92640501721
625 4.92640501721
627 4.92640501721
628 4.92640501721
630 4.92640501721
631 4.92640501721
632 4.92640501721
633 4.92640501721
634 4.92640501721
635 4.92640501721
636 4.92640501721
637 4.92640501721
638 4.92640501721
639 4.92640501721
640 4.92640501721
641 4.92640501721
642 4.92640501721
643 4.92640501721
644 4.92640501721
645 4.92640501721
647 4.92640501721
648 4.92640501721
650 4.92640501721
659 4.92640501721
660 4.92640501721
661 4.92640501721
662 4.92640501721
663 4.92640501721
664 4.92640501721
666 4.92640501721
667 4.92640501721
675 4.92640501721
676 4.92640501721
678 4.92640501721
679 4.92640501721
686 4.92640501721
209 4.95070332398
524 4.95070332398
525 4.95070332398
607 4.95070332398
692 4.95070332398
516 4.95327248108
563 4.95327248108
652 4.95327248108
213 4.95501134329
218 4.95501134329
555 4.95501134329
655 4.95681782529
654 4.95845511586
620 4.96103804886
649 4.96103804886
657 4.96118119123
154 4.96321732839
564 4.96349897755
735 4.96349897755
99 4.96495044634
570 4.96495044634
701 4.96495044634
689 4.96593658257
626 4.96637592771
737 4.96637592771
713 4.97095260005
690 4.97461909858
571 5.14978669404
726 5.15841830225
727 5.15841830225
728 5.15841830225
729 5.15841830225
611 5.18981407364
681 5.18981407364
665 5.19351967429
687 5.19351967429
684 5.2044611215
615 5.22131515547
600 5.22186172786
542 5.22230577333
554 5.22414935292
656 5.22414935292
105 5.22579680477
543 5.22701552873
511 5.22746347539
629 5.22888423564
672 5.23170769774
671 5.23243026511
653 5.23246170908
688 5.23723755018
715 5.26318859965
709 5.26662952983
730 5.44128731858
553 5.48134096662
219 5.48569012815
512 5.49491063489
513 5.49491063489
315 5.49935243173
619 5.49960295203
677 5.50390870736
508 5.50993243765
567 5.65474726996
568 6.20818478085
597 6.27471445788

