244 0.00483144148792
27 0.00483144148792
5 0.0046602207603
4 0.0046602207603
33 0.00458899885831
13 0.00458899885831
263 0.00429556800009
26 0.0041597310458
30 0.00414302504295
0 0.00414302504295
9 0.00414302504295
247 0.00414302504295
262 0.00382086499305
261 0.00382086499305
260 0.00382086499305
1 0.00382086499305
52 0.00382086499305
51 0.00382086499305
50 0.00382086499305
31 0.00382086499305
39 0.00382086499305
38 0.00382086499305
37 0.00382086499305
36 0.00382086499305
35 0.00382086499305
34 0.00382086499305
32 0.00382086499305
239 0.00382086499305
238 0.00382086499305
237 0.00382086499305
236 0.00382086499305
235 0.00382086499305
234 0.00382086499305
233 0.00382086499305
232 0.00382086499305
231 0.00382086499305
230 0.00382086499305
256 0.00382086499305
229 0.00382086499305
228 0.00382086499305
49 0.00382086499305
48 0.00382086499305
47 0.00382086499305
46 0.00382086499305
45 0.00382086499305
44 0.00382086499305
42 0.00382086499305
41 0.00382086499305
40 0.00382086499305
29 0.00382086499305
28 0.00382086499305
25 0.00382086499305
24 0.00382086499305
23 0.00382086499305
22 0.00382086499305
21 0.00382086499305
20 0.00382086499305
19 0.00382086499305
18 0.00382086499305
17 0.00382086499305
16 0.00382086499305
15 0.00382086499305
14 0.00382086499305
12 0.00382086499305
11 0.00382086499305
10 0.00382086499305
259 0.00382086499305
258 0.00382086499305
257 0.00382086499305
255 0.00382086499305
254 0.00382086499305
253 0.00382086499305
252 0.00382086499305
251 0.00382086499305
250 0.00382086499305
8 0.00382086499305
7 0.00382086499305
6 0.00382086499305
3 0.00382086499305
2 0.00382086499305
241 0.00382086499305
249 0.00382086499305
248 0.00382086499305
246 0.00382086499305
245 0.00382086499305
243 0.00382086499305
242 0.00382086499305
43 0.00379994922376
240 0.00379994922376
185 0.00318083717129
144 0.00316412865312
150 0.00316412865312
94 0.00316412865312
206 0.00316412865312
188 0.00275588541888
169 0.00275588541888
168 0.00275588541888
165 0.00275588541888
164 0.00275588541888
163 0.00275588541888
161 0.00275588541888
160 0.00275588541888
153 0.00275588541888
152 0.00275588541888
68 0.00275588541888
167 0.00275588541888
166 0.00275588541888
157 0.00275588541888
156 0.00275588541888
154 0.00275588541888
151 0.00275588541888
97 0.00275588541888
96 0.00275588541888
95 0.00275588541888
93 0.00275588541888
92 0.00275588541888
91 0.00275588541888
90 0.00275588541888
189 0.00275588541888
159 0.00275588541888
158 0.00275588541888
155 0.00275588541888
99 0.00275588541888
98 0.00275588541888
79 0.00275588541888
78 0.00275588541888
75 0.00275588541888
219 0.00275588541888
201 0.00275588541888
195 0.00275588541888
187 0.00275588541888
186 0.00275588541888
184 0.00275588541888
183 0.00275588541888
182 0.00275588541888
181 0.00275588541888
180 0.00275588541888
179 0.00275588541888
162 0.00275588541888
118 0.00275588541888
109 0.00275588541888
108 0.00275588541888
107 0.00275588541888
106 0.00275588541888
104 0.00275588541888
103 0.00275588541888
102 0.00275588541888
101 0.00275588541888
100 0.00275588541888
77 0.00275588541888
76 0.00275588541888
74 0.00275588541888
73 0.00275588541888
72 0.00275588541888
71 0.00275588541888
70 0.00275588541888
67 0.00275588541888
57 0.00275588541888
227 0.00275588541888
226 0.00275588541888
225 0.00275588541888
224 0.00275588541888
223 0.00275588541888
222 0.00275588541888
221 0.00275588541888
220 0.00275588541888
218 0.00275588541888
217 0.00275588541888
216 0.00275588541888
215 0.00275588541888
214 0.00275588541888
213 0.00275588541888
212 0.00275588541888
211 0.00275588541888
210 0.00275588541888
209 0.00275588541888
208 0.00275588541888
207 0.00275588541888
205 0.00275588541888
204 0.00275588541888
203 0.00275588541888
202 0.00275588541888
200 0.00275588541888
199 0.00275588541888
198 0.00275588541888
197 0.00275588541888
196 0.00275588541888
194 0.00275588541888
193 0.00275588541888
192 0.00275588541888
191 0.00275588541888
190 0.00275588541888
178 0.00275588541888
177 0.00275588541888
176 0.00275588541888
175 0.00275588541888
173 0.00275588541888
172 0.00275588541888
171 0.00275588541888
170 0.00275588541888
149 0.00275588541888
148 0.00275588541888
147 0.00275588541888
146 0.00275588541888
145 0.00275588541888
143 0.00275588541888
142 0.00275588541888
141 0.00275588541888
140 0.00275588541888
139 0.00275588541888
138 0.00275588541888
137 0.00275588541888
136 0.00275588541888
135 0.00275588541888
134 0.00275588541888
133 0.00275588541888
132 0.00275588541888
131 0.00275588541888
130 0.00275588541888
129 0.00275588541888
128 0.00275588541888
127 0.00275588541888
126 0.00275588541888
125 0.00275588541888
124 0.00275588541888
123 0.00275588541888
122 0.00275588541888
121 0.00275588541888
120 0.00275588541888
119 0.00275588541888
117 0.00275588541888
116 0.00275588541888
115 0.00275588541888
114 0.00275588541888
113 0.00275588541888
112 0.00275588541888
111 0.00275588541888
110 0.00275588541888
105 0.00275588541888
69 0.00275588541888
66 0.00275588541888
65 0.00275588541888
64 0.00275588541888
63 0.00275588541888
62 0.00275588541888
61 0.00275588541888
60 0.00275588541888
59 0.00275588541888
58 0.00275588541888
56 0.00275588541888
55 0.00275588541888
54 0.00275588541888
53 0.00275588541888
174 0.00275588541888
86 0.00275588541888
85 0.00275588541888
84 0.00275588541888
83 0.00275588541888
82 0.00275588541888
81 0.00275588541888
80 0.00275588541888
89 0.00275588541888
88 0.00275588541888
87 0.00275588541888
