53 3.21241939233
 54 3.21241939233
 55 3.21241939233
 56 3.21241939233
 57 3.21241939233
 58 3.21241939233
 59 3.21241939233
 60 3.21241939233
 61 3.21241939233
 62 3.21241939233
 63 3.21241939233
 64 3.21241939233
 65 3.21241939233
 66 3.21241939233
 67 3.21241939233
 68 3.21241939233
 69 3.21241939233
 70 3.21241939233
 71 3.21241939233
 72 3.21241939233
 73 3.21241939233
 74 3.21241939233
 75 3.21241939233
 76 3.21241939233
 77 3.21241939233
 78 3.21241939233
 79 3.21241939233
 80 3.21241939233
 81 3.21241939233
 82 3.21241939233
 83 3.21241939233
 84 3.21241939233
 85 3.21241939233
 86 3.21241939233
 87 3.21241939233
 88 3.21241939233
 89 3.21241939233
 90 3.21241939233
 91 3.21241939233
 92 3.21241939233
 93 3.21241939233
 95 3.21241939233
 96 3.21241939233
 97 3.21241939233
 98 3.21241939233
 99 3.21241939233
 100 3.21241939233
 101 3.21241939233
 102 3.21241939233
 103 3.21241939233
 104 3.21241939233
 105 3.21241939233
 106 3.21241939233
 107 3.21241939233
 108 3.21241939233
 109 3.21241939233
 110 3.21241939233
 111 3.21241939233
 112 3.21241939233
 113 3.21241939233
 114 3.21241939233
 115 3.21241939233
 116 3.21241939233
 117 3.21241939233
 118 3.21241939233
 119 3.21241939233
 120 3.21241939233
 121 3.21241939233
 122 3.21241939233
 123 3.21241939233
 124 3.21241939233
 125 3.21241939233
 126 3.21241939233
 127 3.21241939233
 128 3.21241939233
 129 3.21241939233
 130 3.21241939233
 131 3.21241939233
 132 3.21241939233
 133 3.21241939233
 134 3.21241939233
 135 3.21241939233
 136 3.21241939233
 137 3.21241939233
 138 3.21241939233
 139 3.21241939233
 140 3.21241939233
 141 3.21241939233
 142 3.21241939233
 143 3.21241939233
 145 3.21241939233
 146 3.21241939233
 147 3.21241939233
 148 3.21241939233
 149 3.21241939233
 151 3.21241939233
 152 3.21241939233
 153 3.21241939233
 154 3.21241939233
 155 3.21241939233
 156 3.21241939233
 157 3.21241939233
 158 3.21241939233
 159 3.21241939233
 160 3.21241939233
 161 3.21241939233
 162 3.21241939233
 163 3.21241939233
 164 3.21241939233
 165 3.21241939233
 166 3.21241939233
 167 3.21241939233
 168 3.21241939233
 169 3.21241939233
 170 3.21241939233
 171 3.21241939233
 172 3.21241939233
 173 3.21241939233
 174 3.21241939233
 175 3.21241939233
 176 3.21241939233
 177 3.21241939233
 178 3.21241939233
 179 3.21241939233
 180 3.21241939233
 181 3.21241939233
 182 3.21241939233
 183 3.21241939233
 184 3.21241939233
 186 3.21241939233
 187 3.21241939233
 188 3.21241939233
 189 3.21241939233
 190 3.21241939233
 191 3.21241939233
 192 3.21241939233
 193 3.21241939233
 194 3.21241939233
 195 3.21241939233
 196 3.21241939233
 197 3.21241939233
 198 3.21241939233
 199 3.21241939233
 200 3.21241939233
 201 3.21241939233
 202 3.21241939233
 203 3.21241939233
 204 3.21241939233
 205 3.21241939233
 207 3.21241939233
 208 3.21241939233
 209 3.21241939233
 210 3.21241939233
 211 3.21241939233
 212 3.21241939233
 213 3.21241939233
 214 3.21241939233
 215 3.21241939233
 216 3.21241939233
 217 3.21241939233
 218 3.21241939233
 219 3.21241939233
 220 3.21241939233
 221 3.21241939233
 222 3.21241939233
 223 3.21241939233
 224 3.21241939233
 225 3.21241939233
 226 3.21241939233
 227 3.21241939233
 94 3.54607024008
 144 3.54607024008
 150 3.54607024008
 206 3.54607024008
 185 3.55720338173
 1 3.74105166089
 2 3.74105166089
 3 3.74105166089
 6 3.74105166089
 7 3.74105166089
 8 3.74105166089
 10 3.74105166089
 11 3.74105166089
 12 3.74105166089
 14 3.74105166089
 15 3.74105166089
 16 3.74105166089
 17 3.74105166089
 18 3.74105166089
 19 3.74105166089
 20 3.74105166089
 21 3.74105166089
 22 3.74105166089
 23 3.74105166089
 24 3.74105166089
 25 3.74105166089
 28 3.74105166089
 29 3.74105166089
 31 3.74105166089
 32 3.74105166089
 34 3.74105166089
 35 3.74105166089
 36 3.74105166089
 37 3.74105166089
 38 3.74105166089
 39 3.74105166089
 40 3.74105166089
 41 3.74105166089
 42 3.74105166089
 44 3.74105166089
 45 3.74105166089
 46 3.74105166089
 47 3.74105166089
 48 3.74105166089
 49 3.74105166089
 50 3.74105166089
 51 3.74105166089
 52 3.74105166089
 228 3.74105166089
 229 3.74105166089
 230 3.74105166089
 231 3.74105166089
 232 3.74105166089
 233 3.74105166089
 234 3.74105166089
 235 3.74105166089
 236 3.74105166089
 237 3.74105166089
 238 3.74105166089
 239 3.74105166089
 241 3.74105166089
 242 3.74105166089
 243 3.74105166089
 245 3.74105166089
 246 3.74105166089
 248 3.74105166089
 249 3.74105166089
 250 3.74105166089
 251 3.74105166089
 252 3.74105166089
 253 3.74105166089
 254 3.74105166089
 255 3.74105166089
 256 3.74105166089
 257 3.74105166089
 258 3.74105166089
 259 3.74105166089
 260 3.74105166089
 261 3.74105166089
 262 3.74105166089
 43 3.80042512255
 240 3.80042512255
 263 3.96125530563
 9 4.02088716549
 30 4.02088716549
 247 4.02088716549
 26 4.03203705175
 13 4.28808028658
 33 4.28808028658
 4 4.34456339281
 5 4.34456339281
 27 4.38910877959
 244 4.38910877959

