99 0.00550826061193
98 0.00550826061193
97 0.00550826061193
96 0.00550826061193
95 0.00550826061193
94 0.00550826061193
93 0.00550826061193
92 0.00550826061193
91 0.00550826061193
90 0.00550826061193
89 0.00550826061193
88 0.00550826061193
87 0.00550826061193
86 0.00550826061193
85 0.00550826061193
84 0.00550826061193
83 0.00550826061193
82 0.00550826061193
81 0.00550826061193
80 0.00550826061193
79 0.00550826061193
78 0.00550826061193
77 0.00550826061193
76 0.00550826061193
75 0.00550826061193
74 0.00550826061193
71 0.00550826061193
140 0.00550826061193
137 0.00550826061193
136 0.00550826061193
135 0.00550826061193
134 0.00550826061193
126 0.00550826061193
39 0.00550826061193
62 0.00550826061193
109 0.00550826061193
45 0.00540935989602
41 0.00540935989602
105 0.00540935989602
110 0.00540935989602
8 0.00540935989602
50 0.00528036964864
48 0.00528036964864
47 0.00528036964864
44 0.00528036964864
42 0.00528036964864
40 0.00528036964864
35 0.00528036964864
113 0.00528036964864
112 0.00528036964864
66 0.00528036964864
23 0.00523445049467
12 0.00523445049467
6 0.00523445049467
73 0.00522206472917
138 0.00522206472917
133 0.00522206472917
102 0.00522206472917
129 0.00520501810303
63 0.00512728532781
29 0.00512728532781
28 0.00512728532781
21 0.00512728532781
20 0.00512728532781
132 0.00512728532781
128 0.00512728532781
127 0.00512728532781
59 0.00512728532781
56 0.00512728532781
55 0.00512728532781
53 0.00512728532781
51 0.00512728532781
49 0.00512728532781
46 0.00512728532781
37 0.00512728532781
34 0.00512728532781
33 0.00512728532781
32 0.00512728532781
31 0.00512728532781
30 0.00512728532781
27 0.00512728532781
26 0.00512728532781
24 0.00512728532781
22 0.00512728532781
18 0.00512728532781
17 0.00512728532781
16 0.00512728532781
14 0.00512728532781
13 0.00512728532781
11 0.00512728532781
10 0.00512728532781
9 0.00512728532781
7 0.00512728532781
104 0.00507752929528
65 0.00507720281634
58 0.00507720281634
57 0.00507720281634
36 0.00507720281634
103 0.00507720281634
131 0.00506570168145
130 0.00506570168145
100 0.00504702884314
141 0.00504702884314
124 0.00504702884314
123 0.00504702884314
122 0.00504702884314
121 0.00504702884314
117 0.00504702884314
108 0.00504702884314
106 0.00504702884314
118 0.00504702884314
114 0.00504702884314
72 0.00504702884314
25 0.00488938043987
52 0.00479171274003
60 0.00478738602744
19 0.00477831589491
120 0.00473612945881
125 0.00473487671073
115 0.00473487671073
119 0.00472663168539
101 0.00472663168539
64 0.00472663168539
54 0.00462101339149
69 0.00442333100166
68 0.00441985061471
38 0.00441625619946
116 0.00441625619946
70 0.00411458916584
61 0.00404555772288
4 0.00386698694661
2 0.00386698694661
1 0.00386698694661
15 0.00373285484608
43 0.00362070981389
3 0.00359664325446
111 0.00359664325446
67 0.0035271868223
5 0.00344456638386
139 0.00340564731602
107 0.00331000222375
0 0.00329894903452
