8 75.0090808782
45 74.9883742247
5 74.3269645732
43 71.8950251953
44 71.8529538533
13 71.3344572724
27 68.74995184
24 66.2457236974
14 65.7028820387
7 65.1776813416
37 62.6394782773
28 62.5943342028
39 62.5739536617
46 62.5614677253
11 62.2142994178
29 59.484210326
32 56.7097149301
3 56.468417878
26 56.4670616311
20 56.4658079466
9 56.3017229039
38 56.2970305433
33 53.6062714126
22 53.5387447889
30 53.4259052815
15 53.4192043581
34 53.0945905386
25 50.3760305318
1 48.2408509384
36 47.3671466294
21 46.9769464365
40 43.9581137108
12 43.868643413
17 43.414422366
6 43.1211665278
42 41.0750440041
18 40.635120763
23 35.7618703359
16 34.8651575352
31 30.3395243748
4 27.091818989
19 26.4563112886
41 23.3805561967
35 20.5587769171
10 18.4916404984
2 15.5410810107
