0 0.00953830740506
8 0.0081433558955
45 0.00813465931428
5 0.00802300827512
43 0.00786653815193
44 0.00784805773569
13 0.00774441557814
27 0.00751633131055
24 0.00736045079253
14 0.0073082574052
7 0.00716007347926
37 0.00702109942611
28 0.00701479024822
39 0.00700682205096
46 0.00700063224621
11 0.00692256423844
29 0.0067170771762
32 0.00651393532756
20 0.00645458475762
26 0.00645447954807
9 0.00641601111297
38 0.00641392223363
33 0.00621261087668
30 0.00617905620615
15 0.0061760891233
22 0.00617036595285
3 0.00615164796194
34 0.00610297832039
25 0.00584409992509
36 0.00562807666717
21 0.0055491582338
40 0.00527847697138
1 0.00526138446587
12 0.00524066142883
17 0.00517412289878
6 0.00512439533097
42 0.00502198254022
18 0.00497998625428
23 0.00455167387229
16 0.00443579693977
31 0.00408489693039
19 0.00373411515524
4 0.00361421734902
41 0.00343390766918
35 0.00322668925065
10 0.00300740935045
2 0.00258173498981
