140 8.58504744586
137 8.58504744586
136 8.58504744586
135 8.58504744586
134 8.58504744586
126 8.58504744586
109 8.58504744586
99 8.58504744586
98 8.58504744586
97 8.58504744586
96 8.58504744586
95 8.58504744586
94 8.58504744586
93 8.58504744586
92 8.58504744586
91 8.58504744586
90 8.58504744586
89 8.58504744586
88 8.58504744586
87 8.58504744586
86 8.58504744586
85 8.58504744586
84 8.58504744586
83 8.58504744586
82 8.58504744586
81 8.58504744586
80 8.58504744586
79 8.58504744586
78 8.58504744586
77 8.58504744586
76 8.58504744586
75 8.58504744586
74 8.58504744586
71 8.58504744586
62 8.58504744586
39 8.58504744586
110 8.28517515672
105 8.28517515672
45 8.28517515672
41 8.28517515672
8 8.28517515672
25 8.27589396524
129 8.18201500313
103 8.17582835224
65 8.17582835224
58 8.17582835224
57 8.17582835224
36 8.17582835224
138 8.09851262947
133 8.09851262947
102 8.09851262947
73 8.09851262947
113 7.92036744865
112 7.92036744865
66 7.92036744865
50 7.92036744865
48 7.92036744865
47 7.92036744865
44 7.92036744865
42 7.92036744865
40 7.92036744865
35 7.92036744865
23 7.88386879691
12 7.88386879691
6 7.88386879691
131 7.81273954923
130 7.81273954923
104 7.72475280037
141 7.70861070873
124 7.70861070873
123 7.70861070873
122 7.70861070873
121 7.70861070873
118 7.70861070873
117 7.70861070873
114 7.70861070873
108 7.70861070873
106 7.70861070873
100 7.70861070873
72 7.70861070873
60 7.69743897107
132 7.53935411782
128 7.53935411782
127 7.53935411782
63 7.53935411782
59 7.53935411782
56 7.53935411782
55 7.53935411782
53 7.53935411782
51 7.53935411782
49 7.53935411782
46 7.53935411782
37 7.53935411782
34 7.53935411782
33 7.53935411782
32 7.53935411782
31 7.53935411782
30 7.53935411782
29 7.53935411782
28 7.53935411782
27 7.53935411782
26 7.53935411782
24 7.53935411782
22 7.53935411782
21 7.53935411782
20 7.53935411782
18 7.53935411782
17 7.53935411782
16 7.53935411782
14 7.53935411782
13 7.53935411782
11 7.53935411782
10 7.53935411782
9 7.53935411782
7 7.53935411782
120 7.21300377491
125 7.20148299517
115 7.20148299517
119 7.19518966579
101 7.19518966579
64 7.19518966579
52 7.01290904292
19 7.00296388401
4 7.00238809469
2 7.00238809469
1 7.00238809469
54 6.88727251471
69 6.69538934599
68 6.69283623361
116 6.69005035165
38 6.69005035165
15 6.63816219325
43 6.54840742352
111 6.52883407008
3 6.52883407008
61 6.33234326077
70 6.19185760251
5 6.15900253235
107 6.04284758668
67 5.22011738082
139 5.12574183366

