67 183.803705933
42 184.542812509
2 189.958068167
59 193.116835435
48 195.101719938
57 201.640118866
24 208.226946923
6 209.466610008
7 215.754469327
12 216.364366973
11 217.776466613
50 217.818062858
23 217.826597613
35 217.83086623
17 223.272261351
32 223.290357801
52 223.292573544
63 223.385632016
28 229.924484159
21 229.982540313
34 230.097240712
39 232.248741007
44 235.512604998
9 239.020668998
49 242.237479878
29 244.239754026
3 252.153433341
58 254.308528738
20 254.399365503
45 254.591883043
22 255.78498057
1 256.240915551
26 257.811648081
40 266.34649949
31 266.538129867
65 266.553032657
56 268.662165303
16 274.244443419
69 278.289297269
5 278.624803541
55 278.637444758
68 290.330014467
33 290.590696298
62 290.740706098
37 292.091752446
19 292.606521734
18 299.519014815
46 301.011517413
66 302.292060492
15 302.611052782
51 302.637153966
41 302.720324797
8 303.767108342
27 304.426183194
25 310.340969964
60 314.640148392
38 314.739623997
30 316.519084764
47 324.825580657
64 324.920964411
54 326.488142794
10 339.928041164
4 340.100880469
36 342.847749272
53 343.92149177
43 354.661964082
61 355.873587854
14 362.364442867
13 371.756469975
