13 0.00195234540767
14 0.00190500875603
61 0.00187678057901
43 0.00186975593996
53 0.0018183064036
36 0.00181115503124
4 0.00181049384393
10 0.00179794569306
54 0.00173194361173
64 0.00172456821867
47 0.00172389500126
30 0.00168481895962
38 0.00167523970757
60 0.00167334023162
25 0.0016539450412
8 0.00162635057968
27 0.00162566569477
51 0.00161678051261
41 0.00161669054232
15 0.00161612820165
66 0.00161514904592
46 0.00160917238658
18 0.00160635195425
19 0.00157050294993
37 0.00156752334296
62 0.00155970043323
33 0.00155708029347
68 0.00155703529719
5 0.00150106852788
55 0.00150083178236
69 0.00149920618141
16 0.00148032285097
56 0.00145726786569
65 0.00144261748271
31 0.00144171896654
40 0.00143966759594
26 0.00140417760117
1 0.00139481471902
22 0.00139160593188
45 0.00138987466027
20 0.00138342616629
58 0.0013827448835
3 0.0013763447783
29 0.00133560276595
49 0.00132538347678
9 0.00131472763474
44 0.00129656674968
39 0.00127833537535
34 0.00126722365442
21 0.0012654266756
28 0.00126453930268
63 0.00123754326087
17 0.00123687572425
52 0.00123686034668
32 0.00123678933641
7 0.00121544405204
35 0.00120802694013
23 0.00120792359469
50 0.00120771818888
11 0.00120719054968
12 0.00120104156381
6 0.00117938064043
0 0.00116627582596
24 0.00116262021121
57 0.00114057999531
48 0.00110480085774
59 0.0010887573373
2 0.00107436631978
42 0.00105262033339
67 0.00105082111043
