12 0.0100302774382
7 0.00972545408708
4 0.00842551863698
23 0.00763004346303
9 0.00757934174567
2 0.00750359792384
11 0.00696343500698
21 0.00691255138877
17 0.00689027185512
6 0.0068661284912
16 0.00672236421142
20 0.00667838278619
27 0.00665067018476
8 0.00664057601498
3 0.00639423881897
1 0.00602968552987
25 0.00599527134426
24 0.00593633062669
13 0.00593263219366
19 0.00579527774539
18 0.0057283634908
22 0.00545634204631
28 0.00545404058961
26 0.00529543796547
14 0.00525976756891
10 0.00525917669568
5 0.00503516893144
15 0.00445305377569
0 0.0041808322316
