20 0.018846535718
5 0.0136483001345
8 0.0132193590464
7 0.0128751520029
28 0.0124758927361
26 0.0124212218206
17 0.0119153879753
29 0.0116699845733
15 0.011541230207
16 0.0114915920336
13 0.0114856709678
1 0.0113674026216
24 0.0112837967307
4 0.0110440711291
14 0.0110176058286
11 0.0107951762948
21 0.0106177925741
2 0.0101805346749
22 0.00989612588962
25 0.00938366354574
6 0.00929435578051
12 0.00926437133779
3 0.00889123317365
27 0.00875957384874
19 0.00849996015132
10 0.0083979865243
9 0.00834358460921
18 0.00790366615491
30 0.0072088523688
23 0.00657625417939
0 0.00588231267367
