39 6.09476547749
42 6.09476547749
46 6.09476547749
47 6.09476547749
50 6.09476547749
82 6.09476547749
83 6.09476547749
84 6.09476547749
85 6.09476547749
86 6.09476547749
87 6.09476547749
88 6.09476547749
91 6.09476547749
95 6.09476547749
96 6.09476547749
97 6.09476547749
98 6.09476547749
99 6.09476547749
100 6.09476547749
101 6.09476547749
73 6.17550123325
102 6.17550123325
105 6.17550123325
48 6.21966249397
51 6.21966249397
52 6.21966249397
53 6.21966249397
54 6.21966249397
56 6.21966249397
57 6.21966249397
58 6.21966249397
59 6.21966249397
60 6.21966249397
61 6.21966249397
62 6.21966249397
63 6.21966249397
64 6.21966249397
65 6.21966249397
67 6.21966249397
68 6.21966249397
69 6.21966249397
71 6.21966249397
20 6.43049696578
23 6.43049696578
24 6.43049696578
25 6.43049696578
26 6.43049696578
30 6.43049696578
38 6.43049696578
40 6.43049696578
78 6.43049696578
89 6.43049696578
55 6.55572963997
104 6.58052441796
41 6.60446506778
74 6.60446506778
103 6.60446506778
5 6.62459222914
70 6.66426069257
44 6.90582051306
6 7.2456304052
7 7.2456304052
9 7.2456304052
10 7.2456304052
11 7.2456304052
13 7.2456304052
14 7.2456304052
16 7.2456304052
17 7.2456304052
18 7.2456304052
19 7.2456304052
22 7.2456304052
29 7.2456304052
77 7.26995524087
31 7.3019930236
12 7.3051170506
8 7.30535557071
27 7.30906973212
94 7.4244764572
92 7.46823441606
93 7.46823441606
1 7.48242551331
72 7.51642385265
15 7.72321736306
75 7.77378606258
43 7.83750939453
45 7.83750939453
4 7.92069882676
32 8.12621076372
21 8.22234754033
33 8.26730842998
34 8.26730842998
36 8.26730842998
90 8.30584562811
3 8.37131813913
2 8.4102912039
28 8.62938402289
37 8.72310962725
66 8.80519534095
79 8.80519534095
49 8.82881174322
35 9.24524312853
80 9.49447036801
81 9.49447036801
76 9.65608313121

