210 0.0039884306768
199 0.00387045337881
246 0.0037669308028
13 0.00375207354992
53 0.0037425783713
269 0.00344853148911
274 0.00343643247396
234 0.00327720933086
130 0.00321381412245
201 0.00313091945252
112 0.0031191914361
91 0.00311357655945
122 0.00307318610616
164 0.00304411025394
173 0.0030298229239
310 0.00302923972804
117 0.00301925519506
100 0.00301925519506
295 0.00298024104773
236 0.00296187183628
259 0.00296115268947
258 0.00296115268947
261 0.00296115268947
260 0.00296115268947
221 0.00296115268947
216 0.00295710089926
8 0.00294737187289
200 0.00293743189406
267 0.00293720027856
209 0.00292787592794
149 0.00292538080796
225 0.00291843532348
165 0.00291843532348
107 0.00290002734378
183 0.0028756480777
192 0.0028756480777
338 0.00286588595403
333 0.00286588595403
332 0.00286588595403
331 0.00286588595403
328 0.00286588595403
326 0.00286588595403
324 0.00286588595403
323 0.00286588595403
320 0.00286588595403
111 0.00284172588192
264 0.0028389270221
119 0.00279990370408
215 0.00279990370408
118 0.00276528498718
191 0.00273004262508
316 0.00271320370298
315 0.00271201959008
309 0.00271201959008
160 0.00268164591092
289 0.00267811620852
178 0.00267774382355
172 0.00267774382355
145 0.0026768560398
0 0.00267238456408
158 0.00267238456408
288 0.00264525534635
193 0.00264525534635
195 0.00264525534635
194 0.00264525534635
45 0.00263488075691
245 0.00263309056623
75 0.00263309056623
54 0.00261680549604
217 0.00260394645752
270 0.00260298083877
177 0.00259274316888
57 0.00258853761762
66 0.00258758199255
137 0.00257770440442
175 0.00256508742443
180 0.00256508742443
64 0.00255598797446
2 0.00250485802026
167 0.00250485802026
166 0.00250485802026
163 0.00250485802026
162 0.00250485802026
161 0.00250485802026
156 0.00250485802026
153 0.00250485802026
152 0.00250485802026
151 0.00250485802026
150 0.00250485802026
148 0.00250485802026
147 0.00250485802026
146 0.00250485802026
143 0.00250485802026
142 0.00250485802026
141 0.00250485802026
237 0.00249139427116
226 0.00249139427116
248 0.00246641564278
40 0.00241663492634
105 0.00240850680229
293 0.00240510116118
292 0.00240510116118
290 0.00240510116118
12 0.0023875546122
168 0.00237829449021
115 0.00237328141638
14 0.00237328141638
15 0.00237328141638
11 0.00236859225401
291 0.00235065136076
232 0.00233572473797
283 0.00227586498013
230 0.00227586498013
277 0.00227586498013
181 0.00226462235486
104 0.00226462235486
243 0.00226410777678
263 0.00226262437185
189 0.00226173048762
252 0.00226090256367
223 0.00224532531662
9 0.00224532531662
6 0.00224532531662
5 0.00224532531662
171 0.00224532531662
87 0.00224351188068
85 0.00224351188068
46 0.00224351188068
34 0.00224351188068
47 0.00224009608722
110 0.00223933950054
341 0.00222669574395
121 0.00221096063933
93 0.00221096063933
214 0.00221096063933
213 0.00221096063933
126 0.00219863010581
273 0.00219863010581
327 0.00219863010581
303 0.00219286216172
317 0.00219286216172
313 0.00219286216172
306 0.00219215961461
17 0.00219215961461
16 0.00219215961461
144 0.00214627841989
330 0.00212902140241
249 0.00212781791693
284 0.00212781791693
254 0.00212781791693
251 0.00212781791693
224 0.00212781791693
235 0.00212781791693
170 0.00208729045232
169 0.00208729045232
304 0.00208530120378
279 0.00208003596218
247 0.00207804817444
240 0.00207804817444
285 0.00207804817444
253 0.00207804817444
65 0.00207755152937
62 0.00207755152937
43 0.00207755152937
88 0.00207755152937
82 0.00207755152937
239 0.00207595363842
24 0.00207595363842
92 0.00206130765061
212 0.00206130765061
159 0.00206130765061
106 0.00206130765061
59 0.00206130765061
127 0.00206130765061
33 0.00206130765061
38 0.00206130765061
30 0.00206130765061
25 0.00206130765061
22 0.00206130765061
83 0.00206130765061
80 0.00206130765061
42 0.00206130765061
74 0.00206130765061
1 0.00203057825998
233 0.00202280434241
329 0.00200955818326
325 0.00200955818326
322 0.00200955818326
244 0.00200955818326
339 0.00200955818326
337 0.00200955818326
336 0.00200955818326
335 0.00200955818326
334 0.00200955818326
299 0.00200955818326
298 0.00200955818326
297 0.00200955818326
296 0.00200955818326
218 0.00200955818326
114 0.00200955818326
113 0.00200955818326
276 0.00200955818326
275 0.00200955818326
128 0.00200955818326
95 0.00200955818326
319 0.00200955818326
318 0.00200955818326
314 0.00200955818326
312 0.00200955818326
228 0.00200955818326
7 0.00200955818326
4 0.00200955818326
340 0.00200955818326
311 0.00200955818326
308 0.00200955818326
307 0.00200955818326
305 0.00200955818326
302 0.00200955818326
301 0.00200955818326
300 0.00200955818326
10 0.00196555229128
255 0.00190002044385
229 0.00190002044385
220 0.00190002044385
139 0.00190002044385
136 0.00190002044385
135 0.00190002044385
134 0.00190002044385
133 0.00190002044385
132 0.00190002044385
131 0.00190002044385
69 0.00190002044385
68 0.00190002044385
29 0.00190002044385
28 0.00190002044385
27 0.00190002044385
23 0.00190002044385
21 0.00190002044385
20 0.00190002044385
204 0.00190002044385
202 0.00190002044385
197 0.00190002044385
196 0.00190002044385
120 0.00190002044385
116 0.00190002044385
109 0.00190002044385
108 0.00190002044385
103 0.00190002044385
102 0.00190002044385
101 0.00190002044385
67 0.00190002044385
63 0.00190002044385
61 0.00190002044385
60 0.00190002044385
58 0.00190002044385
52 0.00190002044385
51 0.00190002044385
19 0.00190002044385
18 0.00190002044385
129 0.00190002044385
125 0.00190002044385
124 0.00190002044385
99 0.00190002044385
98 0.00190002044385
97 0.00190002044385
94 0.00190002044385
90 0.00190002044385
56 0.00190002044385
55 0.00190002044385
39 0.00190002044385
231 0.00190002044385
219 0.00190002044385
184 0.00190002044385
182 0.00190002044385
89 0.00190002044385
86 0.00190002044385
84 0.00190002044385
81 0.00190002044385
79 0.00190002044385
78 0.00190002044385
77 0.00190002044385
76 0.00190002044385
73 0.00190002044385
72 0.00190002044385
71 0.00190002044385
70 0.00190002044385
37 0.00190002044385
36 0.00190002044385
35 0.00190002044385
32 0.00190002044385
31 0.00190002044385
188 0.00190002044385
49 0.00190002044385
48 0.00190002044385
44 0.00190002044385
41 0.00190002044385
257 0.0018967718124
256 0.0018967718124
179 0.0018967718124
176 0.0018967718124
174 0.0018967718124
222 0.0018967718124
26 0.0018967718124
268 0.0018967718124
266 0.0018967718124
265 0.0018967718124
262 0.0018967718124
342 0.0018967718124
187 0.0018967718124
186 0.0018967718124
185 0.0018967718124
238 0.0018967718124
198 0.0018967718124
96 0.0018967718124
321 0.0018967718124
294 0.0018967718124
287 0.0018967718124
286 0.0018967718124
282 0.0018967718124
281 0.0018967718124
278 0.0018967718124
242 0.0018967718124
241 0.0018967718124
208 0.0018967718124
207 0.0018967718124
206 0.0018967718124
205 0.0018967718124
203 0.0018967718124
190 0.0018967718124
272 0.0018967718124
271 0.0018967718124
123 0.0018967718124
50 0.0018967718124
157 0.00185881334833
155 0.00185881334833
154 0.00185881334833
280 0.00185881334833
250 0.00185881334833
227 0.00185881334833
211 0.00185881334833
140 0.00185881334833
138 0.00185881334833
3 0.00185881334833
