330 4.5214964874
3 4.53693996761
138 4.53693996761
140 4.53693996761
154 4.53693996761
155 4.53693996761
157 4.53693996761
211 4.53693996761
227 4.53693996761
250 4.53693996761
280 4.53693996761
248 4.65188166697
18 4.65816702767
19 4.65816702767
20 4.65816702767
21 4.65816702767
23 4.65816702767
27 4.65816702767
28 4.65816702767
29 4.65816702767
31 4.65816702767
32 4.65816702767
35 4.65816702767
36 4.65816702767
37 4.65816702767
39 4.65816702767
41 4.65816702767
44 4.65816702767
48 4.65816702767
49 4.65816702767
51 4.65816702767
52 4.65816702767
55 4.65816702767
56 4.65816702767
58 4.65816702767
60 4.65816702767
61 4.65816702767
63 4.65816702767
67 4.65816702767
68 4.65816702767
69 4.65816702767
70 4.65816702767
71 4.65816702767
72 4.65816702767
73 4.65816702767
76 4.65816702767
77 4.65816702767
78 4.65816702767
79 4.65816702767
81 4.65816702767
84 4.65816702767
86 4.65816702767
89 4.65816702767
90 4.65816702767
94 4.65816702767
97 4.65816702767
98 4.65816702767
99 4.65816702767
101 4.65816702767
102 4.65816702767
103 4.65816702767
108 4.65816702767
109 4.65816702767
116 4.65816702767
120 4.65816702767
124 4.65816702767
125 4.65816702767
129 4.65816702767
131 4.65816702767
132 4.65816702767
133 4.65816702767
134 4.65816702767
135 4.65816702767
136 4.65816702767
139 4.65816702767
182 4.65816702767
184 4.65816702767
188 4.65816702767
196 4.65816702767
197 4.65816702767
202 4.65816702767
204 4.65816702767
219 4.65816702767
220 4.65816702767
229 4.65816702767
231 4.65816702767
255 4.65816702767
26 4.70454898105
50 4.70454898105
96 4.70454898105
123 4.70454898105
174 4.70454898105
176 4.70454898105
179 4.70454898105
185 4.70454898105
186 4.70454898105
187 4.70454898105
190 4.70454898105
198 4.70454898105
203 4.70454898105
205 4.70454898105
206 4.70454898105
207 4.70454898105
208 4.70454898105
222 4.70454898105
238 4.70454898105
241 4.70454898105
242 4.70454898105
256 4.70454898105
257 4.70454898105
262 4.70454898105
265 4.70454898105
266 4.70454898105
268 4.70454898105
271 4.70454898105
272 4.70454898105
278 4.70454898105
281 4.70454898105
282 4.70454898105
286 4.70454898105
287 4.70454898105
294 4.70454898105
321 4.70454898105
342 4.70454898105
224 4.71275060633
235 4.71275060633
249 4.71275060633
251 4.71275060633
254 4.71275060633
284 4.71275060633
93 4.75936381654
121 4.75936381654
213 4.75936381654
214 4.75936381654
232 4.78070808672
290 4.78275695696
292 4.78275695696
293 4.78275695696
233 4.89671921901
1 4.90185884402
10 4.92525716968
341 4.9826841753
4 4.99152845016
7 4.99152845016
95 4.99152845016
113 4.99152845016
114 4.99152845016
128 4.99152845016
218 4.99152845016
228 4.99152845016
244 4.99152845016
275 4.99152845016
276 4.99152845016
296 4.99152845016
297 4.99152845016
298 4.99152845016
299 4.99152845016
300 4.99152845016
301 4.99152845016
302 4.99152845016
305 4.99152845016
307 4.99152845016
308 4.99152845016
311 4.99152845016
312 4.99152845016
314 4.99152845016
318 4.99152845016
319 4.99152845016
322 4.99152845016
325 4.99152845016
329 4.99152845016
334 4.99152845016
335 4.99152845016
336 4.99152845016
337 4.99152845016
339 4.99152845016
340 4.99152845016
22 5.01415414462
25 5.01415414462
30 5.01415414462
33 5.01415414462
38 5.01415414462
42 5.01415414462
59 5.01415414462
74 5.01415414462
80 5.01415414462
83 5.01415414462
92 5.01415414462
106 5.01415414462
127 5.01415414462
159 5.01415414462
212 5.01415414462
75 5.02214837389
245 5.02214837389
5 5.0238153687
6 5.0238153687
9 5.0238153687
171 5.0238153687
223 5.0238153687
43 5.03420406976
62 5.03420406976
65 5.03420406976
82 5.03420406976
88 5.03420406976
169 5.04650066531
170 5.04650066531
230 5.05293941081
277 5.05293941081
283 5.05293941081
240 5.06826159601
247 5.06826159601
253 5.06826159601
285 5.06826159601
24 5.08296246768
239 5.08296246768
279 5.08823833585
291 5.08961891098
304 5.09491752377
144 5.19267974719
168 5.31302858205
12 5.35665005517
16 5.36973602611
17 5.36973602611
306 5.36973602611
303 5.37525018785
313 5.37525018785
317 5.37525018785
126 5.38254345685
273 5.38254345685
327 5.38254345685
110 5.39102301957
47 5.39196910622
34 5.39636450449
46 5.39636450449
85 5.39636450449
87 5.39636450449
189 5.4189427345
104 5.42267707429
181 5.42267707429
263 5.46197114319
252 5.4691074598
243 5.47321066785
107 5.7060849086
64 5.72206222709
236 5.74740407574
11 5.74914271929
14 5.75519965472
15 5.75519965472
115 5.75519965472
105 5.75650847051
40 5.76241041981
289 5.80979435365
45 5.83603252648
193 5.94278387025
194 5.94278387025
195 5.94278387025
288 5.94278387025
226 6.00934141526
237 6.00934141526
264 6.0282959676
2 6.04763911717
141 6.04763911717
142 6.04763911717
143 6.04763911717
146 6.04763911717
147 6.04763911717
148 6.04763911717
150 6.04763911717
151 6.04763911717
152 6.04763911717
153 6.04763911717
156 6.04763911717
161 6.04763911717
162 6.04763911717
163 6.04763911717
166 6.04763911717
167 6.04763911717
173 6.07154440996
111 6.07579307191
165 6.10622896119
225 6.10622896119
270 6.10912687973
137 6.12196077155
57 6.1266793158
66 6.13437725804
54 6.16636672681
216 6.18669750741
217 6.19712122483
119 6.2010156179
215 6.2010156179
209 6.20379136209
295 6.20567377611
175 6.24225022999
180 6.24225022999
177 6.28218417488
191 6.38955121938
158 6.41071186523
183 6.41632857899
192 6.41632857899
145 6.4164929189
267 6.41961797116
160 6.42253977681
122 6.45413470091
200 6.46696554829
118 6.50554004915
172 6.52792772519
178 6.52792772519
100 6.53604468438
117 6.53604468438
112 6.53967627985
221 6.55655777375
258 6.55655777375
259 6.55655777375
260 6.55655777375
261 6.55655777375
309 6.57623435909
315 6.57623435909
316 6.57775628954
274 6.76226573664
130 6.78428423043
269 6.82172566293
149 6.88701764825
320 6.91650019775
323 6.91650019775
324 6.91650019775
326 6.91650019775
328 6.91650019775
331 6.91650019775
332 6.91650019775
333 6.91650019775
338 6.91650019775
201 6.92273054094
8 6.93283014424
164 7.18715901754
91 7.19519662948
234 7.20499094789
310 7.27334051392
246 7.52431515854
13 7.54123910088
53 7.89589939683
199 7.93385537609
210 7.99240393555

