314 0.00410312801702
118 0.00396143483496
120 0.00389472871958
318 0.00356548090218
237 0.00351862119573
308 0.00351470986815
332 0.00351398114427
19 0.00350833173377
18 0.00350833173377
343 0.00336247653074
203 0.00335676902138
222 0.00327530161295
312 0.00324676511982
239 0.00322043010759
340 0.0030929637507
30 0.00308389159063
220 0.00306565443048
201 0.00304476737933
212 0.00295765457363
117 0.00291222189908
133 0.00290165503814
132 0.00290165503814
204 0.00290117761306
84 0.00290017660444
334 0.00284675000126
124 0.00275963766568
244 0.00275689778008
241 0.00275080928146
231 0.00269922349736
111 0.00269438030304
21 0.00268774079067
123 0.00268412925948
33 0.00263091612208
317 0.00262323247747
320 0.00262323247747
198 0.00261777930007
122 0.00261367663016
116 0.00261194354993
200 0.0026107167643
138 0.00256619312217
159 0.00256031252435
140 0.00255731129645
17 0.00255731129645
243 0.00253460962865
216 0.00252567721557
199 0.00252209245293
214 0.00252136820426
283 0.00246841081965
329 0.00246841010649
323 0.00246820371387
182 0.00246263655516
155 0.00246263655516
195 0.00244925094152
302 0.00244084689248
179 0.00243248986638
175 0.00242731962283
137 0.00242731962283
217 0.00239746219956
274 0.0023753085088
271 0.00237455422144
253 0.00236983971874
67 0.0023653060391
300 0.00236354473074
156 0.00236354473074
248 0.00236348146232
255 0.00236262460406
232 0.00235894564798
148 0.00234596396722
327 0.00234573373645
326 0.00234573373645
325 0.00234573373645
324 0.00234573373645
328 0.00234331562083
252 0.00233454144638
257 0.00233052819973
303 0.00231158632737
301 0.00230647639305
298 0.00230647639305
297 0.00230647639305
296 0.00230647639305
295 0.00230647639305
294 0.00230647639305
293 0.00230647639305
292 0.00230647639305
291 0.00230647639305
290 0.00230647639305
289 0.00230647639305
287 0.00230647639305
286 0.00230647639305
285 0.00230647639305
284 0.00230647639305
282 0.00230647639305
288 0.00230647639305
206 0.00230224487108
183 0.00230113696919
181 0.00230066412079
264 0.00229523430448
22 0.00228605872354
197 0.00225951195802
196 0.00225951195802
194 0.00225951195802
192 0.00225951195802
191 0.00225951195802
190 0.00225951195802
178 0.00225951195802
177 0.00225951195802
176 0.00225951195802
172 0.00225951195802
171 0.00225951195802
170 0.00225951195802
149 0.00225951195802
193 0.00225951195802
186 0.00225951195802
184 0.00225951195802
169 0.00225951195802
168 0.00225951195802
167 0.00225951195802
166 0.00225951195802
165 0.00225951195802
164 0.00225951195802
163 0.00225951195802
162 0.00225951195802
161 0.00225951195802
160 0.00225951195802
158 0.00225951195802
157 0.00225951195802
154 0.00225951195802
153 0.00225951195802
152 0.00225951195802
151 0.00225951195802
150 0.00225951195802
189 0.00225951195802
188 0.00225951195802
187 0.00225951195802
185 0.00225951195802
180 0.00225951195802
306 0.00225178680869
173 0.00224098557114
236 0.00223794930994
235 0.00223794930994
234 0.00223794930994
46 0.00222251274812
319 0.00222092073833
114 0.00221297129605
275 0.00221288685371
277 0.00220909083773
227 0.00220503848426
339 0.00220497753194
246 0.00220169823173
146 0.00219341049287
52 0.00219205484233
71 0.002189216256
299 0.00218811380167
80 0.00218771143355
97 0.00218771143355
281 0.002167234428
280 0.002167234428
279 0.002167234428
278 0.002167234428
276 0.002167234428
273 0.002167234428
272 0.002167234428
270 0.002167234428
249 0.002167234428
247 0.002167234428
250 0.002167234428
269 0.002167234428
267 0.002167234428
266 0.002167234428
265 0.002167234428
263 0.002167234428
262 0.002167234428
261 0.002167234428
260 0.002167234428
256 0.002167234428
259 0.002167234428
258 0.002167234428
254 0.002167234428
251 0.002167234428
62 0.00215107732717
305 0.00214720007809
330 0.00214713150798
174 0.00214633348044
139 0.00214633348044
310 0.00213073110932
229 0.00213073110932
221 0.00213073110932
322 0.00213073110932
213 0.00213073110932
335 0.00213073110932
331 0.00213073110932
218 0.00213073110932
202 0.00213073110932
119 0.00213073110932
341 0.00212980332223
59 0.00207101721533
304 0.00207017922642
145 0.00207008384845
144 0.0020660534846
39 0.00206274162721
109 0.00206218414547
115 0.00206218414547
51 0.00206218414547
98 0.00206112086818
101 0.00205819134966
48 0.00205012321793
25 0.00205012321793
113 0.00204955665554
268 0.00204941123692
338 0.00204792471254
219 0.00204623259229
226 0.00204623259229
225 0.00204623259229
233 0.00204623259229
245 0.00204623259229
215 0.00204623259229
211 0.00204623259229
210 0.00204623259229
209 0.00204623259229
208 0.00204623259229
207 0.00204623259229
29 0.00202169032694
27 0.00202169032694
313 0.00202169032694
35 0.00202169032694
57 0.00201769850905
105 0.00201769850905
104 0.00201769850905
103 0.00201769850905
102 0.00201769850905
100 0.00201769850905
82 0.00201769850905
81 0.00201769850905
79 0.00201769850905
78 0.00201769850905
77 0.00201769850905
76 0.00201769850905
75 0.00201769850905
74 0.00201769850905
73 0.00201769850905
72 0.00201769850905
309 0.00201769850905
129 0.00201769850905
99 0.00201769850905
96 0.00201769850905
95 0.00201769850905
94 0.00201769850905
89 0.00201769850905
86 0.00201769850905
85 0.00201769850905
69 0.00201769850905
68 0.00201769850905
63 0.00201769850905
49 0.00201769850905
45 0.00201769850905
43 0.00201769850905
136 0.00201769850905
130 0.00201769850905
93 0.00201769850905
92 0.00201769850905
91 0.00201769850905
66 0.00201769850905
65 0.00201769850905
58 0.00201769850905
55 0.00201769850905
54 0.00201769850905
50 0.00201769850905
240 0.00200131253551
121 0.00200131253551
230 0.00200131253551
23 0.00200131253551
342 0.00200131253551
315 0.00200131253551
223 0.00200131253551
147 0.00190391940356
142 0.00190391940356
141 0.00190391940356
143 0.00190391940356
128 0.00190391940356
127 0.00190391940356
47 0.00190391940356
53 0.0018998555706
311 0.00189230184966
307 0.00189230184966
238 0.00189230184966
44 0.00189230184966
42 0.00189230184966
41 0.00189230184966
40 0.00189230184966
70 0.00189230184966
38 0.00189230184966
37 0.00189230184966
36 0.00189230184966
34 0.00189230184966
32 0.00189230184966
31 0.00189230184966
88 0.00189230184966
87 0.00189230184966
83 0.00189230184966
242 0.00189230184966
205 0.00189230184966
112 0.00189230184966
110 0.00189230184966
107 0.00189230184966
106 0.00189230184966
90 0.00189230184966
64 0.00189230184966
16 0.00189230184966
15 0.00189230184966
14 0.00189230184966
337 0.00189230184966
336 0.00189230184966
333 0.00189230184966
321 0.00189230184966
135 0.00189230184966
134 0.00189230184966
131 0.00189230184966
126 0.00189230184966
125 0.00189230184966
108 0.00189230184966
61 0.00189230184966
60 0.00189230184966
56 0.00189230184966
28 0.00189230184966
26 0.00189230184966
24 0.00189230184966
20 0.00189230184966
13 0.00189230184966
12 0.00189230184966
11 0.00189230184966
10 0.00189230184966
9 0.00189230184966
8 0.00189230184966
7 0.00189230184966
6 0.00189230184966
5 0.00189230184966
4 0.00189230184966
3 0.00189230184966
2 0.00189230184966
316 0.00189230184966
228 0.00189230184966
224 0.00189230184966
1 0.00189230184966
0 0.00189230184966
