19 277.207643417
 29 298.61844385
 5 315.976571193
 28 326.724755525
 18 392.214560825
 10 393.950417306
 24 398.929683673
 27 408.206584472
 13 412.380114314
 1 444.844705984
 32 450.179232706
 12 456.488069486
 15 467.0225761
 11 469.448191459
 30 473.14006009
 4 483.777271212
 14 485.785079747
 22 493.70162801
 6 496.23296101
 9 503.778733952
 20 510.133858591
 17 519.19244699
 8 526.131164802
 16 553.104771794
 21 566.356857135
 2 567.520782109
 3 580.70215601
 31 592.905698285
 26 602.98006573
 7 613.141733049
 25 657.417231628
 23 701.779919413
