11 0.00985655958313
5 0.00926434879356
22 0.00881019193271
21 0.00872880002202
1 0.00837897018187
12 0.00795758468712
16 0.00749064369614
17 0.00709508623754
2 0.00706245136435
3 0.00693417603332
19 0.00652859828749
15 0.00619703079401
14 0.00605423596059
26 0.00590083776593
6 0.00575147902217
20 0.00572763378017
7 0.00567616505718
13 0.00565323888522
9 0.00547811070007
4 0.00535075129448
24 0.00518243111369
18 0.00503253268185
25 0.00494267141518
23 0.00480812023598
10 0.00469291421536
8 0.00461211466987
0 0.00288842965256
