47 0.00468607195164
222 0.00447119896146
267 0.00444672421107
24 0.00444672421107
279 0.00421088352987
26 0.00415899574604
270 0.00400458260077
9 0.00377395382081
276 0.00372375986287
27 0.00367077060248
25 0.00366937263903
7 0.00366609660404
39 0.00365962756153
61 0.00365256724766
266 0.00360242654086
272 0.00359485357803
277 0.00358358183007
13 0.00356606409354
189 0.00346730569786
43 0.0034161291737
8 0.00341604553279
283 0.00340558903269
32 0.00340331636029
81 0.00339170898416
226 0.0033892236651
82 0.00338358147153
201 0.00335765910806
200 0.00335765910806
16 0.00332775060423
33 0.00332775060423
42 0.00332596970494
86 0.00331340846736
41 0.00330998298829
53 0.0032640070624
271 0.00325816037892
230 0.00325552533927
210 0.00325337516643
203 0.00322627756986
202 0.00322627756986
19 0.00316507893158
38 0.00316507893158
205 0.00313568851121
83 0.00312763354901
69 0.00312349978455
68 0.00312349978455
66 0.00312349978455
65 0.00312349978455
64 0.00312349978455
62 0.00312349978455
57 0.00312349978455
59 0.00312349978455
54 0.00312349978455
56 0.00312349978455
55 0.00312349978455
67 0.00312349978455
60 0.00312349978455
242 0.00312349978455
241 0.00312349978455
78 0.00312349978455
73 0.00312349978455
72 0.00312349978455
70 0.00312349978455
248 0.00312349978455
80 0.00312349978455
124 0.003105733356
172 0.0030886771522
101 0.0030886771522
98 0.00308820699753
93 0.00307966620145
88 0.00307966620145
187 0.00307966620145
209 0.00305677381541
31 0.00305677381541
30 0.00305677381541
15 0.00305677381541
14 0.00305677381541
269 0.00305677381541
268 0.00305677381541
46 0.00305677381541
45 0.00305677381541
44 0.00305677381541
40 0.00305677381541
37 0.00305677381541
36 0.00305677381541
35 0.00305677381541
34 0.00305677381541
29 0.00305677381541
28 0.00305677381541
23 0.00305677381541
22 0.00305677381541
21 0.00305677381541
20 0.00305677381541
18 0.00305677381541
17 0.00305677381541
12 0.00305677381541
11 0.00305677381541
10 0.00305677381541
1 0.00305677381541
278 0.00305677381541
275 0.00305677381541
274 0.00305677381541
273 0.00305677381541
76 0.00305677381541
6 0.00305677381541
5 0.00305677381541
4 0.00305677381541
3 0.00305677381541
2 0.00305677381541
281 0.00305677381541
234 0.00299994765847
49 0.00299994765847
263 0.00298464316263
240 0.00298312742039
237 0.00298312742039
229 0.00298312742039
228 0.00298312742039
227 0.00298312742039
79 0.00295240623892
63 0.00295240623892
0 0.00293298081466
217 0.0028888743313
146 0.00284148437661
135 0.00284148437661
105 0.00284148437661
120 0.00283958325791
194 0.00283794249133
99 0.0028347515245
97 0.0028347515245
96 0.0028347515245
186 0.00279147048774
184 0.00279147048774
182 0.00279147048774
181 0.00279147048774
180 0.00279147048774
129 0.00279147048774
118 0.00279147048774
106 0.00279147048774
104 0.00279147048774
102 0.00279147048774
199 0.00279147048774
119 0.00279147048774
117 0.00279147048774
116 0.00279147048774
115 0.00279147048774
114 0.00279147048774
113 0.00279147048774
112 0.00279147048774
111 0.00279147048774
110 0.00279147048774
193 0.00279147048774
127 0.00279147048774
126 0.00279147048774
125 0.00279147048774
204 0.00279147048774
197 0.00279147048774
195 0.00279147048774
191 0.00279147048774
190 0.00279147048774
144 0.00279147048774
143 0.00279147048774
142 0.00279147048774
141 0.00279147048774
140 0.00279147048774
138 0.00279147048774
137 0.00279147048774
136 0.00279147048774
134 0.00279147048774
133 0.00279147048774
132 0.00279147048774
131 0.00279147048774
130 0.00279147048774
128 0.00279147048774
123 0.00279147048774
122 0.00279147048774
121 0.00279147048774
159 0.00279147048774
154 0.00279147048774
103 0.00279147048774
175 0.00279147048774
174 0.00279147048774
89 0.00279147048774
87 0.00279147048774
85 0.00279147048774
192 0.00279147048774
185 0.00279147048774
178 0.00279147048774
177 0.00279147048774
173 0.00279147048774
171 0.00279147048774
170 0.00279147048774
168 0.00279147048774
167 0.00279147048774
166 0.00279147048774
95 0.00279147048774
92 0.00279147048774
91 0.00279147048774
90 0.00279147048774
165 0.00279147048774
164 0.00279147048774
265 0.00278598541977
219 0.00278598541977
282 0.00278598541977
280 0.00278598541977
239 0.00278598541977
231 0.00278598541977
224 0.00278598541977
223 0.00278598541977
221 0.00278598541977
220 0.00278598541977
244 0.00273016236867
238 0.00273016236867
145 0.00273016236867
139 0.00273016236867
71 0.00273016236867
261 0.00273016236867
247 0.0027234599152
161 0.00272340049593
151 0.00272041241552
150 0.00272041241552
149 0.00272041241552
148 0.00272041241552
147 0.00272041241552
196 0.00271765146104
262 0.00271765146104
256 0.00271765146104
155 0.00271765146104
162 0.0027145819595
109 0.00264099605199
218 0.00264099605199
52 0.00264099605199
214 0.00262940764337
235 0.00262940764337
213 0.00262940764337
152 0.00256634095966
225 0.00254495762816
206 0.00254495762816
94 0.00254495762816
264 0.00254495762816
260 0.0024381723271
84 0.0024381723271
176 0.0024381723271
249 0.0024381723271
246 0.0024381723271
245 0.0024381723271
243 0.0024381723271
179 0.0024381723271
77 0.0024381723271
75 0.0024381723271
74 0.0024381723271
236 0.0024381723271
233 0.0024381723271
232 0.0024381723271
216 0.0024381723271
215 0.0024381723271
212 0.0024381723271
208 0.0024381723271
207 0.0024381723271
198 0.0024381723271
163 0.0024381723271
58 0.0024381723271
51 0.0024381723271
50 0.0024381723271
48 0.0024381723271
259 0.0024381723271
160 0.0024381723271
258 0.0024381723271
257 0.0024381723271
255 0.0024381723271
254 0.0024381723271
253 0.0024381723271
252 0.0024381723271
251 0.0024381723271
250 0.0024381723271
169 0.0024381723271
211 0.0024381723271
158 0.0024381723271
157 0.0024381723271
156 0.0024381723271
153 0.0024381723271
188 0.0024381723271
183 0.0024381723271
100 0.0024381723271
107 0.0024381723271
108 0.0024381723271
