174 0.00784129631156
33 0.00754025568987
83 0.00693883914548
1 0.00678384713946
0 0.00678384713946
87 0.0066003890042
77 0.00659120689074
167 0.00658295154038
132 0.00626451547264
78 0.00609913453503
169 0.00600863431326
29 0.00593290227472
160 0.00592432503178
24 0.00588787288305
165 0.00575953698002
162 0.00562308151374
168 0.00562308151374
170 0.00562308151374
176 0.00558963250893
155 0.0055708013676
21 0.00553751994463
172 0.00536152250982
166 0.00536152250982
90 0.00536152250982
85 0.00536152250982
22 0.00536152250982
154 0.00532934233751
153 0.00532934233751
17 0.00531737650291
32 0.00525523748944
9 0.00525198672618
157 0.00524837927249
79 0.00524476192229
35 0.00524094920847
41 0.00522736378957
31 0.00522736378957
12 0.00522736378957
6 0.00522623937584
11 0.00521298036387
88 0.00521298036387
141 0.0052011471882
148 0.00500248852295
23 0.0049875507856
51 0.00497851135816
8 0.00496850910256
7 0.00496850910256
3 0.00496850910256
2 0.00496850910256
27 0.00495578426079
26 0.00495578426079
25 0.00495578426079
19 0.00495578426079
18 0.00495578426079
16 0.00495578426079
15 0.00495578426079
149 0.004897941515
73 0.00489793782216
71 0.00489287383587
138 0.00489287383587
177 0.00487609583936
175 0.00487609583936
173 0.00487609583936
171 0.00487609583936
159 0.00487609583936
158 0.00487609583936
156 0.00487609583936
151 0.00487609583936
76 0.00487609583936
75 0.00487609583936
74 0.00487609583936
28 0.00487609583936
14 0.00487609583936
13 0.00487609583936
10 0.00487609583936
5 0.00487609583936
4 0.00487609583936
164 0.00487609583936
163 0.00487609583936
161 0.00487609583936
92 0.00487609583936
89 0.00487609583936
86 0.00487609583936
84 0.00487609583936
82 0.00487609583936
81 0.00487609583936
80 0.00487609583936
56 0.00487609583936
54 0.00487609583936
40 0.00487609583936
39 0.00487609583936
38 0.00487609583936
37 0.00487609583936
36 0.00487609583936
34 0.00487609583936
30 0.00487609583936
20 0.00487609583936
50 0.00468265139491
44 0.00468265139491
65 0.00468265139491
61 0.00466350204578
96 0.00466350204578
102 0.00465818064657
123 0.00465818064657
121 0.00465818064657
150 0.00464280540225
136 0.00432568545243
152 0.00427394607274
109 0.00423403285286
108 0.00423403285286
107 0.00423403285286
106 0.00423403285286
105 0.00423403285286
104 0.00423403285286
103 0.00423403285286
100 0.00423403285286
147 0.00423403285286
146 0.00423403285286
145 0.00423403285286
144 0.00423403285286
143 0.00423403285286
142 0.00423403285286
140 0.00423403285286
139 0.00423403285286
137 0.00423403285286
135 0.00423403285286
134 0.00423403285286
133 0.00423403285286
131 0.00423403285286
130 0.00423403285286
129 0.00423403285286
128 0.00423403285286
127 0.00423403285286
126 0.00423403285286
125 0.00423403285286
124 0.00423403285286
122 0.00423403285286
120 0.00423403285286
119 0.00423403285286
118 0.00423403285286
117 0.00423403285286
116 0.00423403285286
115 0.00423403285286
114 0.00423403285286
113 0.00423403285286
112 0.00423403285286
111 0.00423403285286
110 0.00423403285286
101 0.00423403285286
99 0.00423403285286
98 0.00423403285286
97 0.00423403285286
95 0.00423403285286
94 0.00423403285286
93 0.00423403285286
91 0.00423403285286
72 0.00423403285286
70 0.00423403285286
69 0.00423403285286
68 0.00423403285286
67 0.00423403285286
66 0.00423403285286
64 0.00423403285286
63 0.00423403285286
62 0.00423403285286
60 0.00423403285286
59 0.00423403285286
58 0.00423403285286
57 0.00423403285286
55 0.00423403285286
53 0.00423403285286
52 0.00423403285286
49 0.00423403285286
48 0.00423403285286
47 0.00423403285286
46 0.00423403285286
45 0.00423403285286
43 0.00423403285286
42 0.00423403285286
