136 3.79756463398
152 3.80352581428
4 3.84234730887
5 3.84234730887
10 3.84234730887
13 3.84234730887
14 3.84234730887
20 3.84234730887
28 3.84234730887
30 3.84234730887
34 3.84234730887
36 3.84234730887
37 3.84234730887
38 3.84234730887
39 3.84234730887
40 3.84234730887
54 3.84234730887
56 3.84234730887
74 3.84234730887
75 3.84234730887
76 3.84234730887
80 3.84234730887
81 3.84234730887
82 3.84234730887
84 3.84234730887
86 3.84234730887
89 3.84234730887
92 3.84234730887
151 3.84234730887
156 3.84234730887
158 3.84234730887
159 3.84234730887
161 3.84234730887
163 3.84234730887
164 3.84234730887
171 3.84234730887
173 3.84234730887
175 3.84234730887
177 3.84234730887
42 3.85988159211
43 3.85988159211
45 3.85988159211
46 3.85988159211
47 3.85988159211
48 3.85988159211
49 3.85988159211
52 3.85988159211
53 3.85988159211
55 3.85988159211
57 3.85988159211
58 3.85988159211
59 3.85988159211
60 3.85988159211
62 3.85988159211
63 3.85988159211
64 3.85988159211
66 3.85988159211
67 3.85988159211
68 3.85988159211
69 3.85988159211
70 3.85988159211
72 3.85988159211
91 3.85988159211
93 3.85988159211
94 3.85988159211
95 3.85988159211
97 3.85988159211
98 3.85988159211
99 3.85988159211
100 3.85988159211
101 3.85988159211
103 3.85988159211
104 3.85988159211
105 3.85988159211
106 3.85988159211
107 3.85988159211
108 3.85988159211
109 3.85988159211
110 3.85988159211
111 3.85988159211
112 3.85988159211
113 3.85988159211
114 3.85988159211
115 3.85988159211
116 3.85988159211
117 3.85988159211
118 3.85988159211
119 3.85988159211
120 3.85988159211
122 3.85988159211
124 3.85988159211
125 3.85988159211
126 3.85988159211
127 3.85988159211
128 3.85988159211
129 3.85988159211
130 3.85988159211
131 3.85988159211
133 3.85988159211
134 3.85988159211
135 3.85988159211
137 3.85988159211
139 3.85988159211
140 3.85988159211
142 3.85988159211
143 3.85988159211
144 3.85988159211
145 3.85988159211
146 3.85988159211
147 3.85988159211
22 3.93471511449
85 3.93471511449
90 3.93471511449
166 3.93471511449
172 3.93471511449
2 4.00860253063
3 4.00860253063
7 4.00860253063
8 4.00860253063
44 4.0722598261
50 4.0722598261
65 4.0722598261
150 4.08464880392
11 4.10663263309
88 4.10663263309
12 4.11500067543
31 4.11500067543
41 4.11500067543
35 4.12285331775
79 4.12496284377
157 4.12694606232
32 4.13088647197
71 4.14687647012
138 4.14687647012
73 4.14973700436
149 4.14973700436
6 4.14989778326
162 4.15572570105
168 4.15572570105
170 4.15572570105
9 4.16458145977
102 4.17095925821
121 4.17095925821
123 4.17095925821
61 4.17391067593
96 4.17391067593
165 4.2986649858
15 4.29941389957
16 4.29941389957
18 4.29941389957
19 4.29941389957
25 4.29941389957
26 4.29941389957
27 4.29941389957
51 4.31215798545
23 4.31726519082
148 4.32564648402
141 4.39370547995
176 4.39424438981
153 4.53080994423
154 4.53080994423
169 4.56495269108
17 4.57632974866
29 4.62007535403
21 4.65693595206
160 4.67499951154
155 4.67574761925
77 4.70349705454
78 4.71219151488
83 4.8650195839
132 4.91711306319
167 4.91927101232
1 4.92037160122
24 4.92748578095
87 4.92936064031
33 5.49494215906
174 5.60831040357

