328 0.00328031916972
322 0.00313547453535
1 0.00313311102929
23 0.00305368150495
45 0.00304797441117
27 0.00304421595736
9 0.00304421595736
37 0.00304235631928
274 0.00304131217047
273 0.00304131217047
0 0.00301149549724
16 0.00299685121205
43 0.00298077948992
102 0.00297725580476
54 0.00294294335661
55 0.00294229716268
18 0.00293706961921
79 0.00293627838928
17 0.00291094541747
15 0.00291094541747
13 0.00291094541747
10 0.00291094541747
38 0.00291094541747
36 0.00291094541747
35 0.00291094541747
34 0.00291094541747
33 0.00291094541747
32 0.00291094541747
31 0.00291094541747
30 0.00291094541747
46 0.00291094541747
44 0.00291094541747
42 0.00291094541747
41 0.00291094541747
48 0.00291094541747
26 0.00291094541747
29 0.00291094541747
28 0.00291094541747
25 0.00291094541747
24 0.00291094541747
22 0.00291094541747
21 0.00291094541747
20 0.00291094541747
8 0.00291094541747
7 0.00291094541747
5 0.00291094541747
2 0.00291094541747
99 0.00289766730588
57 0.00287883824516
284 0.00287016455211
128 0.00286621215676
49 0.00286585315774
219 0.00286329937305
204 0.00286329937305
203 0.00286329937305
308 0.00281853039338
6 0.00280354211405
326 0.0027824374156
288 0.00277077129202
287 0.00276200971274
286 0.00276200971274
275 0.00276200971274
206 0.00275121318321
270 0.00275114290822
229 0.00274947764783
209 0.00274872554049
227 0.00274872554049
290 0.0027482403984
50 0.00274541984021
98 0.00274253600843
51 0.00274173841446
12 0.00274173841446
104 0.00274019285199
217 0.00272918765854
216 0.00272918765854
215 0.00272918765854
214 0.00272918765854
213 0.00272918765854
210 0.00272918765854
197 0.00272918765854
196 0.00272918765854
195 0.00272918765854
194 0.00272918765854
205 0.00272918765854
201 0.00272918765854
200 0.00272918765854
208 0.00272918765854
202 0.00272918765854
218 0.00272918765854
199 0.00272918765854
198 0.00272918765854
106 0.00272912687292
40 0.00272095815684
39 0.00272095815684
332 0.00271809029859
67 0.00266362619765
91 0.00266285328686
62 0.00263673922527
263 0.00263267436231
289 0.00263267436231
100 0.00263167606188
101 0.00258615485988
175 0.00258531138499
183 0.00258531138499
97 0.00258324158308
96 0.00258324158308
94 0.00258324158308
93 0.00258324158308
92 0.00258324158308
90 0.00258324158308
69 0.00258324158308
68 0.00258324158308
66 0.00258324158308
65 0.00258324158308
64 0.00258324158308
77 0.00258324158308
89 0.00258324158308
88 0.00258324158308
87 0.00258324158308
86 0.00258324158308
85 0.00258324158308
84 0.00258324158308
83 0.00258324158308
82 0.00258324158308
81 0.00258324158308
80 0.00258324158308
78 0.00258324158308
75 0.00258324158308
73 0.00258324158308
72 0.00258324158308
70 0.00258324158308
3 0.00258020611456
189 0.00257955268629
220 0.00256331377113
306 0.00255438256545
299 0.00255438256545
233 0.00255183034036
76 0.00252605225332
74 0.00252605225332
291 0.00252144151179
211 0.00250733809875
265 0.00249539301332
261 0.00249539301332
133 0.00249535792035
252 0.00247647559486
139 0.00247578102725
71 0.00246758279242
53 0.00245499736056
52 0.00245499736056
47 0.00245499736056
19 0.00245499736056
14 0.00245499736056
11 0.00245499736056
4 0.00245499736056
295 0.00243988597759
222 0.00243525848299
221 0.00243525848299
262 0.0024337727948
298 0.00243166585538
207 0.00241885841427
327 0.00241866719343
325 0.00241866719343
95 0.00241106358416
320 0.00238560089183
149 0.00236357234307
323 0.00236193593691
248 0.00236029830603
246 0.00236029830603
245 0.00236029830603
244 0.00236029830603
212 0.00235890830202
260 0.00235890830202
259 0.00235890830202
251 0.00235890830202
333 0.00235706615782
60 0.00234050001508
280 0.00233417651272
296 0.00230901912851
294 0.00230901912851
254 0.00230170645592
311 0.00229936695602
272 0.00229174487026
305 0.00228106474778
303 0.00228106474778
103 0.00227770393651
136 0.00227366195993
171 0.00227301046296
146 0.00226597450072
177 0.00226056906382
176 0.00226056906382
172 0.00226056906382
138 0.00226056906382
184 0.00226056906382
155 0.00226056906382
231 0.00225653211468
281 0.00224212164578
180 0.00222778891858
269 0.00222575997844
132 0.0022213912023
339 0.00221907359904
337 0.00221907359904
336 0.00221907359904
343 0.00221907359904
340 0.00221907359904
59 0.0022170062885
58 0.0022170062885
56 0.0022170062885
61 0.0022170062885
321 0.00221241730288
243 0.00220965447757
342 0.00219397324569
334 0.00219397324569
313 0.00217144964078
307 0.00217144964078
276 0.00216121670123
341 0.00214962912228
242 0.00214862940088
241 0.00214862940088
240 0.00214862940088
239 0.00214862940088
238 0.00214862940088
237 0.00214862940088
236 0.00214862940088
232 0.00212251413091
117 0.00212084943533
112 0.00212084943533
271 0.0021198391518
192 0.0021198391518
190 0.0021198391518
159 0.0021198391518
158 0.0021198391518
157 0.0021198391518
156 0.0021198391518
154 0.0021198391518
153 0.0021198391518
152 0.0021198391518
148 0.0021198391518
147 0.0021198391518
145 0.0021198391518
144 0.0021198391518
143 0.0021198391518
142 0.0021198391518
141 0.0021198391518
140 0.0021198391518
129 0.0021198391518
122 0.0021198391518
188 0.0021198391518
181 0.0021198391518
169 0.0021198391518
167 0.0021198391518
166 0.0021198391518
165 0.0021198391518
164 0.0021198391518
163 0.0021198391518
162 0.0021198391518
161 0.0021198391518
160 0.0021198391518
268 0.0021198391518
267 0.0021198391518
266 0.0021198391518
264 0.0021198391518
193 0.0021198391518
186 0.0021198391518
182 0.0021198391518
179 0.0021198391518
178 0.0021198391518
174 0.0021198391518
173 0.0021198391518
170 0.0021198391518
137 0.0021198391518
130 0.0021198391518
256 0.0021198391518
255 0.0021198391518
226 0.0021198391518
225 0.0021198391518
135 0.0021198391518
134 0.0021198391518
187 0.00211635886394
124 0.00211635886394
123 0.00211635886394
109 0.00211635886394
113 0.00211047140956
63 0.00210125085493
150 0.00208544181609
318 0.0020801298875
302 0.0020801298875
300 0.0020801298875
282 0.0020801298875
277 0.0020801298875
331 0.0020801298875
330 0.0020801298875
329 0.0020801298875
324 0.0020801298875
319 0.0020801298875
316 0.0020801298875
315 0.0020801298875
314 0.0020801298875
297 0.0020801298875
293 0.0020801298875
258 0.0020801298875
107 0.00202309671878
317 0.00202074881364
312 0.00202074881364
310 0.00202074881364
304 0.00202074881364
301 0.00202074881364
257 0.00202074881364
228 0.00202074881364
224 0.00202074881364
223 0.00202074881364
278 0.00202074881364
230 0.00202074881364
283 0.00202074881364
279 0.00202074881364
338 0.00202074881364
335 0.00202074881364
249 0.00202074881364
247 0.00202074881364
127 0.00199818448213
126 0.00199818448213
120 0.00199818448213
191 0.00199818448213
151 0.00199818448213
125 0.00199818448213
121 0.00199818448213
119 0.00199818448213
118 0.00199818448213
116 0.00199818448213
115 0.00199818448213
114 0.00199818448213
111 0.00199818448213
110 0.00199818448213
253 0.00199818448213
250 0.00199818448213
235 0.00199818448213
234 0.00199818448213
185 0.00199818448213
131 0.00199818448213
108 0.00199818448213
105 0.00199818448213
168 0.00199818448213
309 0.00196776922837
285 0.00196776922837
292 0.00196776922837
