32 0.0055128189974
27 0.00540428027185
30 0.00539211915444
41 0.005074423651
25 0.00458144839709
10 0.00439420823572
31 0.00435513744922
14 0.00417498702773
39 0.00402171933049
4 0.00397070514149
13 0.00380542213126
5 0.00378695634907
42 0.00373486540809
46 0.00370582796604
6 0.00367695567332
37 0.00366726034788
21 0.00362432105784
3 0.00361003565254
34 0.00354316839314
12 0.00353583832824
18 0.00352620209734
45 0.00350592688541
16 0.00341407286803
20 0.0034122228324
2 0.00339286474293
38 0.00334442415221
29 0.00329802012448
19 0.00328052369128
11 0.00314561499586
33 0.00314389266532
9 0.00309842725271
22 0.00304433979406
43 0.00303646396055
40 0.00301544675676
28 0.00301430700704
35 0.00301121427341
7 0.00288038693898
48 0.00287635697513
1 0.00286341002324
23 0.0027482403984
47 0.00274650485409
17 0.00274592941436
36 0.00261305153075
24 0.00261138087915
26 0.00253367884906
8 0.00248697534733
15 0.00247145126567
44 0.00243617745984
0 0.00216121670123
