39 7.32210612742
62 7.32210612742
71 7.32210612742
74 7.32210612742
75 7.32210612742
76 7.32210612742
77 7.32210612742
78 7.32210612742
79 7.32210612742
80 7.32210612742
81 7.32210612742
82 7.32210612742
83 7.32210612742
84 7.32210612742
85 7.32210612742
86 7.32210612742
87 7.32210612742
88 7.32210612742
89 7.32210612742
90 7.32210612742
91 7.32210612742
92 7.32210612742
93 7.32210612742
94 7.32210612742
95 7.32210612742
96 7.32210612742
97 7.32210612742
98 7.32210612742
99 7.32210612742
109 7.32210612742
126 7.32210612742
134 7.32210612742
135 7.32210612742
136 7.32210612742
137 7.32210612742
140 7.32210612742
8 7.62197841656
41 7.62197841656
45 7.62197841656
105 7.62197841656
110 7.62197841656
25 7.63125960804
129 7.72513857015
36 7.73132522104
57 7.73132522104
58 7.73132522104
65 7.73132522104
103 7.73132522104
73 7.80864094381
102 7.80864094381
133 7.80864094381
138 7.80864094381
35 7.98678612464
40 7.98678612464
42 7.98678612464
44 7.98678612464
47 7.98678612464
48 7.98678612464
50 7.98678612464
66 7.98678612464
112 7.98678612464
113 7.98678612464
6 8.02328477637
12 8.02328477637
23 8.02328477637
130 8.09441402405
131 8.09441402405
104 8.18240077291
72 8.19854286455
100 8.19854286455
106 8.19854286455
108 8.19854286455
114 8.19854286455
117 8.19854286455
118 8.19854286455
121 8.19854286455
122 8.19854286455
123 8.19854286455
124 8.19854286455
141 8.19854286455
60 8.20971460221
7 8.36779945546
9 8.36779945546
10 8.36779945546
11 8.36779945546
13 8.36779945546
14 8.36779945546
16 8.36779945546
17 8.36779945546
18 8.36779945546
20 8.36779945546
21 8.36779945546
22 8.36779945546
24 8.36779945546
26 8.36779945546
27 8.36779945546
28 8.36779945546
29 8.36779945546
30 8.36779945546
31 8.36779945546
32 8.36779945546
33 8.36779945546
34 8.36779945546
37 8.36779945546
46 8.36779945546
49 8.36779945546
51 8.36779945546
53 8.36779945546
55 8.36779945546
56 8.36779945546
59 8.36779945546
63 8.36779945546
127 8.36779945546
128 8.36779945546
132 8.36779945546
120 8.69414979837
115 8.70567057812
125 8.70567057812
64 8.71196390749
101 8.71196390749
119 8.71196390749
52 8.89424453036
19 8.90418968927
1 8.9047654786
2 8.9047654786
4 8.9047654786
54 9.01988105857
69 9.21176422729
68 9.21431733967
38 9.21710322163
116 9.21710322163
15 9.26899138004
43 9.35874614976
3 9.3783195032
111 9.3783195032
61 9.57481031251
70 9.71529597077
5 9.74815104093
107 9.8643059866
67 10.6870361925
139 10.7814117396

