2 0.0120463528112
10 0.011555124221
35 0.0113027579278
41 0.0110556886866
4 0.0108380917312
19 0.0107112173462
31 0.0103116124814
16 0.00989408150111
23 0.00977328092001
18 0.00926182751233
42 0.00921800438384
6 0.00909537740856
17 0.00903971085485
12 0.00896090802873
40 0.00892115346089
1 0.00890889669334
21 0.0086077263881
36 0.00851949422284
25 0.00827038427054
34 0.00796898675207
22 0.00790036395844
3 0.00788783101751
15 0.0078858167312
30 0.00788266729797
33 0.00784460989075
38 0.00761178434799
9 0.00760960138596
20 0.00756480119809
26 0.0075639738294
32 0.00749824557149
29 0.00725992236213
11 0.00702208849464
46 0.00693305847368
39 0.00692765975694
28 0.00691837407039
37 0.0069123549203
7 0.0067454001914
14 0.00658235697981
24 0.00652440124065
27 0.00634070248378
13 0.00607203936671
44 0.00595615985
43 0.00593733871152
5 0.00575101555613
45 0.00562590005783
8 0.00561659767323
0 0.00395274877988
