0 0.00645309112193
107 0.00644121065204
5 0.00628741331818
139 0.00627318757857
67 0.00613597017518
111 0.00611060257916
3 0.00611060257916
43 0.00608141679704
15 0.0059489005196
1 0.005797532447
4 0.005797532447
2 0.005797532447
61 0.00553777049118
70 0.00545605022019
116 0.00510664565543
38 0.00510664565543
68 0.0051026576801
69 0.00509909899115
54 0.0048653163572
119 0.00474766636509
101 0.00474766636509
64 0.00474766636509
125 0.0047386908847
115 0.0047386908847
120 0.00473724240967
60 0.00468326138892
19 0.00467844824214
52 0.00466439821143
25 0.00458173771858
124 0.0043769942876
123 0.0043769942876
122 0.0043769942876
121 0.0043769942876
118 0.0043769942876
117 0.0043769942876
114 0.0043769942876
106 0.0043769942876
100 0.0043769942876
108 0.0043769942876
72 0.0043769942876
141 0.0043769942876
131 0.0043495161776
130 0.0043495161776
65 0.00434750059201
57 0.00434750059201
103 0.00434750059201
58 0.00434750059201
36 0.00434750059201
104 0.00433530061636
18 0.00427420897716
17 0.00427420897716
16 0.00427420897716
14 0.00427420897716
13 0.00427420897716
11 0.00427420897716
10 0.00427420897716
9 0.00427420897716
7 0.00427420897716
29 0.00427420897716
28 0.00427420897716
21 0.00427420897716
37 0.00427420897716
34 0.00427420897716
24 0.00427420897716
22 0.00427420897716
20 0.00427420897716
132 0.00427420897716
49 0.00427420897716
46 0.00427420897716
33 0.00427420897716
32 0.00427420897716
31 0.00427420897716
30 0.00427420897716
27 0.00427420897716
26 0.00427420897716
59 0.00427420897716
55 0.00427420897716
53 0.00427420897716
51 0.00427420897716
128 0.00427420897716
127 0.00427420897716
63 0.00427420897716
56 0.00427420897716
129 0.00419069704383
73 0.00417032898897
138 0.00417032898897
133 0.00417032898897
102 0.00417032898897
23 0.00415342747416
12 0.00415342747416
6 0.00415342747416
35 0.0040995209763
113 0.0040995209763
112 0.0040995209763
66 0.0040995209763
50 0.0040995209763
48 0.0040995209763
47 0.0040995209763
44 0.0040995209763
42 0.0040995209763
40 0.0040995209763
45 0.00395274877988
41 0.00395274877988
110 0.00395274877988
105 0.00395274877988
8 0.00395274877988
137 0.0038368538878
136 0.0038368538878
39 0.0038368538878
135 0.0038368538878
134 0.0038368538878
97 0.0038368538878
96 0.0038368538878
93 0.0038368538878
92 0.0038368538878
91 0.0038368538878
90 0.0038368538878
140 0.0038368538878
126 0.0038368538878
99 0.0038368538878
98 0.0038368538878
95 0.0038368538878
94 0.0038368538878
87 0.0038368538878
86 0.0038368538878
85 0.0038368538878
84 0.0038368538878
83 0.0038368538878
82 0.0038368538878
81 0.0038368538878
80 0.0038368538878
79 0.0038368538878
78 0.0038368538878
77 0.0038368538878
76 0.0038368538878
75 0.0038368538878
74 0.0038368538878
71 0.0038368538878
109 0.0038368538878
89 0.0038368538878
88 0.0038368538878
62 0.0038368538878
