8 43.8218528744
45 43.8425595278
5 44.5039691793
43 46.9359085573
44 46.9779798992
13 47.4964764801
27 50.0809819126
24 52.5852100551
14 53.1280517138
7 53.6532524109
37 56.1914554753
28 56.2365995497
39 56.2569800908
46 56.2694660272
11 56.6166343347
29 59.3467234265
32 62.1212188224
3 62.3625158745
26 62.3638721214
20 62.3651258059
9 62.5292108486
38 62.5339032093
33 65.22466234
22 65.2921889637
30 65.4050284711
15 65.4117293944
34 65.7363432139
25 68.4549032208
1 70.5900828142
36 71.4637871231
21 71.853987316
40 74.8728200417
12 74.9622903396
17 75.4165113866
6 75.7097672247
42 77.7558897484
18 78.1958129895
23 83.0690634167
16 83.9657762173
31 88.4914093778
4 91.7391147636
19 92.3746224639
41 95.4503775559
35 98.2721568354
10 100.339293254
2 103.289852742
