76 3.3848991437
86 3.3848991437
133 3.3848991437
25 3.45844056423
35 3.4716362938
37 3.4716362938
39 3.4716362938
40 3.4716362938
41 3.4716362938
42 3.4716362938
44 3.4716362938
46 3.4716362938
47 3.4716362938
49 3.4716362938
50 3.4716362938
51 3.4716362938
52 3.4716362938
53 3.4716362938
54 3.4716362938
56 3.4716362938
57 3.4716362938
58 3.4716362938
60 3.4716362938
61 3.4716362938
62 3.4716362938
64 3.4716362938
65 3.4716362938
66 3.4716362938
67 3.4716362938
68 3.4716362938
69 3.4716362938
70 3.4716362938
71 3.4716362938
72 3.4716362938
73 3.4716362938
74 3.4716362938
75 3.4716362938
77 3.4716362938
78 3.4716362938
79 3.4716362938
80 3.4716362938
81 3.4716362938
82 3.4716362938
84 3.4716362938
85 3.4716362938
87 3.4716362938
88 3.4716362938
89 3.4716362938
90 3.4716362938
91 3.4716362938
92 3.4716362938
93 3.4716362938
94 3.4716362938
95 3.4716362938
96 3.4716362938
97 3.4716362938
99 3.4716362938
100 3.4716362938
101 3.4716362938
102 3.4716362938
103 3.4716362938
104 3.4716362938
105 3.4716362938
106 3.4716362938
107 3.4716362938
108 3.4716362938
109 3.4716362938
110 3.4716362938
111 3.4716362938
112 3.4716362938
113 3.4716362938
114 3.4716362938
115 3.4716362938
116 3.4716362938
118 3.4716362938
119 3.4716362938
121 3.4716362938
122 3.4716362938
123 3.4716362938
124 3.4716362938
125 3.4716362938
126 3.4716362938
127 3.4716362938
128 3.4716362938
129 3.4716362938
130 3.4716362938
131 3.4716362938
132 3.4716362938
135 3.4716362938
136 3.4716362938
137 3.4716362938
138 3.4716362938
139 3.4716362938
140 3.4716362938
141 3.4716362938
142 3.4716362938
143 3.4716362938
145 3.4716362938
146 3.4716362938
147 3.4716362938
148 3.4716362938
149 3.4716362938
150 3.4716362938
151 3.4716362938
152 3.4716362938
153 3.4716362938
154 3.4716362938
156 3.4716362938
157 3.4716362938
158 3.4716362938
170 3.60646301529
172 3.60646301529
173 3.60646301529
174 3.60646301529
175 3.60646301529
176 3.60646301529
178 3.60646301529
183 3.60646301529
185 3.60646301529
187 3.60646301529
188 3.60646301529
190 3.60646301529
191 3.60646301529
192 3.60646301529
193 3.60646301529
194 3.60646301529
195 3.60646301529
196 3.60646301529
197 3.60646301529
199 3.60646301529
200 3.60646301529
201 3.60646301529
202 3.60646301529
203 3.60646301529
204 3.60646301529
205 3.60646301529
206 3.60646301529
207 3.60646301529
208 3.60646301529
209 3.60646301529
210 3.60646301529
211 3.60646301529
212 3.60646301529
213 3.60646301529
214 3.60646301529
215 3.60646301529
216 3.60646301529
217 3.60646301529
218 3.60646301529
219 3.60646301529
222 3.60646301529
223 3.60646301529
224 3.60646301529
225 3.60646301529
226 3.60646301529
228 3.60646301529
230 3.60646301529
231 3.60646301529
232 3.60646301529
235 3.60646301529
237 3.60646301529
242 3.60646301529
244 3.60646301529
248 3.60646301529
254 3.60646301529
261 3.60646301529
263 3.60646301529
264 3.60646301529
266 3.60646301529
267 3.60646301529
268 3.60646301529
271 3.60646301529
272 3.60646301529
273 3.60646301529
274 3.60646301529
275 3.60646301529
276 3.60646301529
277 3.60646301529
278 3.60646301529
279 3.60646301529
281 3.60646301529
282 3.60646301529
283 3.60646301529
284 3.60646301529
285 3.60646301529
286 3.60646301529
38 3.62011056841
45 3.65567250227
43 3.66909551613
59 3.66909551613
177 3.67531465047
179 3.67531465047
180 3.67531465047
181 3.67531465047
182 3.67531465047
184 3.67531465047
186 3.67531465047
189 3.67531465047
229 3.67531465047
233 3.67531465047
236 3.67531465047
238 3.67531465047
240 3.67531465047
241 3.67531465047
245 3.67531465047
249 3.67531465047
250 3.67531465047
251 3.67531465047
252 3.67531465047
253 3.67531465047
255 3.67531465047
256 3.67531465047
257 3.67531465047
259 3.67531465047
262 3.67531465047
287 3.67531465047
1 3.68780947625
2 3.68780947625
3 3.68780947625
4 3.68780947625
5 3.68780947625
6 3.68780947625
7 3.68780947625
8 3.68780947625
9 3.68780947625
10 3.68780947625
11 3.68780947625
12 3.68780947625
13 3.68780947625
14 3.68780947625
15 3.68780947625
16 3.68780947625
17 3.68780947625
18 3.68780947625
20 3.68780947625
21 3.68780947625
22 3.68780947625
23 3.68780947625
24 3.68780947625
26 3.68780947625
27 3.68780947625
28 3.68780947625
29 3.68780947625
30 3.68780947625
31 3.68780947625
32 3.68780947625
33 3.68780947625
34 3.68780947625
227 3.75432552786
98 3.77975088227
117 3.77975088227
144 3.77975088227
155 3.77975088227
36 3.78292746061
55 3.78292746061
63 3.78292746061
83 3.78292746061
134 3.78292746061
198 3.90185057616
220 3.90185057616
221 3.90185057616
247 3.90185057616
269 3.90614876962
270 3.90614876962
280 3.90614876962
160 3.94081548419
48 3.95337134228
234 3.9542583631
258 3.96681422119
171 3.97933920251
19 3.98429924243
265 4.03657478494
288 4.09005902671
289 4.09005902671
290 4.09005902671
291 4.09005902671
292 4.09005902671
293 4.09005902671
294 4.09005902671
161 4.09594560066
162 4.09594560066
165 4.09594560066
166 4.09594560066
167 4.09594560066
168 4.09594560066
169 4.09594560066
120 4.3262990091
246 4.3262990091
295 4.34832175332
260 4.36378011881
296 4.39256985487
239 4.58586925097
243 4.61944839203
163 4.70529247982
164 4.70529247982
159 4.72208483634

