159 0.00441528107612
164 0.00400944434492
163 0.00400944434492
243 0.0038810138511
239 0.00385777730718
296 0.00369657900994
260 0.00367277355134
295 0.00362353292674
246 0.00361550182554
120 0.00361550182554
162 0.003419984958
169 0.003419984958
168 0.003419984958
161 0.003419984958
167 0.003419984958
166 0.003419984958
165 0.003419984958
294 0.00341889901456
292 0.00341889901456
289 0.00341889901456
288 0.00341889901456
293 0.00341889901456
291 0.00341889901456
290 0.00341889901456
265 0.00315976377476
171 0.00309752415572
258 0.00308219803434
234 0.00306579302045
48 0.00305965930079
160 0.0030432475479
19 0.00301977827757
270 0.0029867730109
280 0.0029867730109
269 0.0029867730109
221 0.00298122375308
220 0.00298122375308
198 0.00298122375308
247 0.00298122375308
227 0.00288754674045
83 0.00283120482277
134 0.00283120482277
63 0.00283120482277
55 0.00283120482277
36 0.00283120482277
117 0.00282712573663
155 0.00282712573663
98 0.00282712573663
144 0.00282712573663
287 0.00279781642153
238 0.00279781642153
236 0.00279781642153
233 0.00279781642153
229 0.00279781642153
189 0.00279781642153
262 0.00279781642153
259 0.00279781642153
249 0.00279781642153
245 0.00279781642153
241 0.00279781642153
240 0.00279781642153
186 0.00279781642153
184 0.00279781642153
182 0.00279781642153
180 0.00279781642153
179 0.00279781642153
177 0.00279781642153
257 0.00279781642153
256 0.00279781642153
255 0.00279781642153
253 0.00279781642153
252 0.00279781642153
251 0.00279781642153
250 0.00279781642153
181 0.00279781642153
59 0.002784759164
43 0.002784759164
45 0.00278060210497
9 0.00272869874253
34 0.00272869874253
18 0.00272869874253
17 0.00272869874253
16 0.00272869874253
15 0.00272869874253
14 0.00272869874253
13 0.00272869874253
12 0.00272869874253
11 0.00272869874253
10 0.00272869874253
7 0.00272869874253
5 0.00272869874253
4 0.00272869874253
3 0.00272869874253
2 0.00272869874253
1 0.00272869874253
0 0.00272869874253
33 0.00272869874253
32 0.00272869874253
31 0.00272869874253
30 0.00272869874253
29 0.00272869874253
28 0.00272869874253
27 0.00272869874253
26 0.00272869874253
24 0.00272869874253
23 0.00272869874253
22 0.00272869874253
21 0.00272869874253
20 0.00272869874253
8 0.00272869874253
6 0.00272869874253
38 0.0027198732377
268 0.00269120853265
183 0.00269120853265
267 0.00269120853265
266 0.00269120853265
219 0.00269120853265
211 0.00269120853265
201 0.00269120853265
187 0.00269120853265
185 0.00269120853265
264 0.00269120853265
263 0.00269120853265
199 0.00269120853265
191 0.00269120853265
261 0.00269120853265
218 0.00269120853265
190 0.00269120853265
195 0.00269120853265
192 0.00269120853265
197 0.00269120853265
196 0.00269120853265
213 0.00269120853265
212 0.00269120853265
217 0.00269120853265
216 0.00269120853265
215 0.00269120853265
214 0.00269120853265
285 0.00269120853265
286 0.00269120853265
284 0.00269120853265
283 0.00269120853265
282 0.00269120853265
281 0.00269120853265
205 0.00269120853265
204 0.00269120853265
207 0.00269120853265
206 0.00269120853265
203 0.00269120853265
200 0.00269120853265
279 0.00269120853265
278 0.00269120853265
277 0.00269120853265
276 0.00269120853265
275 0.00269120853265
274 0.00269120853265
273 0.00269120853265
272 0.00269120853265
271 0.00269120853265
248 0.00269120853265
244 0.00269120853265
242 0.00269120853265
237 0.00269120853265
231 0.00269120853265
228 0.00269120853265
225 0.00269120853265
224 0.00269120853265
209 0.00269120853265
202 0.00269120853265
194 0.00269120853265
193 0.00269120853265
188 0.00269120853265
178 0.00269120853265
176 0.00269120853265
175 0.00269120853265
174 0.00269120853265
173 0.00269120853265
172 0.00269120853265
170 0.00269120853265
235 0.00269120853265
232 0.00269120853265
230 0.00269120853265
226 0.00269120853265
223 0.00269120853265
222 0.00269120853265
208 0.00269120853265
254 0.00269120853265
210 0.00269120853265
25 0.00252667383371
137 0.00251973873906
136 0.00251973873906
135 0.00251973873906
132 0.00251973873906
131 0.00251973873906
130 0.00251973873906
119 0.00251973873906
116 0.00251973873906
115 0.00251973873906
114 0.00251973873906
113 0.00251973873906
112 0.00251973873906
111 0.00251973873906
110 0.00251973873906
69 0.00251973873906
68 0.00251973873906
67 0.00251973873906
65 0.00251973873906
64 0.00251973873906
47 0.00251973873906
46 0.00251973873906
44 0.00251973873906
42 0.00251973873906
41 0.00251973873906
40 0.00251973873906
39 0.00251973873906
37 0.00251973873906
139 0.00251973873906
138 0.00251973873906
127 0.00251973873906
126 0.00251973873906
125 0.00251973873906
124 0.00251973873906
123 0.00251973873906
122 0.00251973873906
66 0.00251973873906
62 0.00251973873906
61 0.00251973873906
60 0.00251973873906
58 0.00251973873906
56 0.00251973873906
54 0.00251973873906
53 0.00251973873906
52 0.00251973873906
51 0.00251973873906
50 0.00251973873906
49 0.00251973873906
35 0.00251973873906
129 0.00251973873906
118 0.00251973873906
109 0.00251973873906
108 0.00251973873906
107 0.00251973873906
106 0.00251973873906
105 0.00251973873906
104 0.00251973873906
103 0.00251973873906
102 0.00251973873906
101 0.00251973873906
100 0.00251973873906
57 0.00251973873906
158 0.00251973873906
157 0.00251973873906
156 0.00251973873906
154 0.00251973873906
153 0.00251973873906
152 0.00251973873906
151 0.00251973873906
150 0.00251973873906
149 0.00251973873906
148 0.00251973873906
147 0.00251973873906
146 0.00251973873906
145 0.00251973873906
143 0.00251973873906
142 0.00251973873906
141 0.00251973873906
140 0.00251973873906
128 0.00251973873906
121 0.00251973873906
99 0.00251973873906
97 0.00251973873906
96 0.00251973873906
95 0.00251973873906
94 0.00251973873906
93 0.00251973873906
92 0.00251973873906
91 0.00251973873906
90 0.00251973873906
79 0.00251973873906
78 0.00251973873906
77 0.00251973873906
75 0.00251973873906
74 0.00251973873906
73 0.00251973873906
72 0.00251973873906
71 0.00251973873906
70 0.00251973873906
89 0.00251973873906
88 0.00251973873906
87 0.00251973873906
85 0.00251973873906
84 0.00251973873906
82 0.00251973873906
81 0.00251973873906
80 0.00251973873906
133 0.00251012319779
76 0.00251012319779
86 0.00251012319779
