6 36.0605593473
10 36.9734479269
11 39.8997573445
41 40.0550277212
7 40.055620191
31 40.0567846566
5 41.2221624646
14 42.8224330357
27 42.9934984446
22 43.0189138464
18 45.8679934041
43 45.8945192499
30 46.9018622409
17 48.203300814
37 48.6246365458
48 48.6755385947
49 48.6955250242
24 48.8273288263
15 48.8645564144
42 51.723176479
38 51.7858842939
39 51.7952648686
13 51.8346915666
40 52.9157423458
34 53.3550839117
2 54.3713391867
25 54.5794339637
45 54.6807333249
12 57.2784522054
46 57.3537051487
1 58.6350973409
21 59.0747827547
8 63.173388995
9 63.2512659772
33 63.2704231046
3 63.3394167731
20 66.0408646081
44 66.2506073588
32 68.6978486474
35 68.8469870275
26 71.7236083199
28 74.3725011734
47 74.6163704136
36 77.3329555534
4 79.9305181207
16 83.1715442105
19 87.0463547593
23 98.1411478194
29 105.129211271
