5 0.00541504814187
64 0.00540781814165
32 0.00529039325221
41 0.00528772687711
26 0.00527774690427
31 0.00527481273121
25 0.00511906568135
45 0.00510999099725
34 0.00510176515093
36 0.0050889742033
44 0.00507781586705
27 0.00504869082527
30 0.00493295286407
48 0.0049270082397
21 0.00491566911036
52 0.00482596124852
0 0.00479497886561
49 0.00478016239362
22 0.00475560621387
63 0.00474896891176
20 0.00474048770015
60 0.0046797351411
6 0.00465996826151
11 0.00463867739036
55 0.00457126700372
24 0.00456218780815
16 0.00449340628299
10 0.00443544270384
38 0.00443373237185
33 0.00433263941664
13 0.00432310577867
28 0.00432062580431
18 0.00417727323358
65 0.0041747121821
50 0.00417011639615
37 0.0041658931603
17 0.00415223975089
47 0.00399101157216
29 0.00396310112
39 0.00396104229172
15 0.00396077613884
46 0.00394200391427
7 0.00387808935788
59 0.00385898360525
3 0.00383865098523
61 0.00382735920047
42 0.0038267835525
62 0.00381821327076
57 0.00381415245129
4 0.00375569388649
58 0.00350807868971
12 0.00350703032605
14 0.00341049187529
56 0.00337118241607
53 0.00333181363371
23 0.00326084633413
8 0.00308796699926
19 0.00304533864115
43 0.00274629139435
9 0.00249411493135
2 0.00231543109048
1 0.0021101254533
51 0.00209883630415
40 0.00198136292349
35 0.00197263503453
54 0.00178264879319
