170 0.00348261500336
172 0.00333231884138
96 0.00325756342493
164 0.00325738557822
234 0.00325692430945
206 0.00325692430945
171 0.00324007522076
165 0.00320077335254
98 0.00318726633987
236 0.00317454963193
233 0.00317454963193
232 0.00317454963193
213 0.00317454963193
260 0.00317454963193
226 0.00317454963193
225 0.00317454963193
224 0.00317454963193
223 0.00317454963193
222 0.00317454963193
221 0.00317454963193
218 0.00317454963193
196 0.00317454963193
192 0.00317454963193
185 0.00317454963193
180 0.00317454963193
179 0.00317454963193
178 0.00317454963193
177 0.00317454963193
176 0.00317454963193
261 0.00317454963193
257 0.00317454963193
256 0.00317454963193
255 0.00317454963193
254 0.00317454963193
253 0.00317454963193
246 0.00317454963193
245 0.00317454963193
244 0.00317454963193
242 0.00317454963193
197 0.00317454963193
269 0.00317454963193
264 0.00317454963193
263 0.00317454963193
219 0.00317454963193
217 0.00317454963193
216 0.00317454963193
215 0.00317454963193
214 0.00317454963193
212 0.00317454963193
211 0.00317454963193
210 0.00317454963193
209 0.00317454963193
207 0.00317454963193
205 0.00317454963193
204 0.00317454963193
203 0.00317454963193
202 0.00317454963193
201 0.00317454963193
200 0.00317454963193
199 0.00317454963193
198 0.00317454963193
195 0.00317454963193
194 0.00317454963193
193 0.00317454963193
191 0.00317454963193
190 0.00317454963193
189 0.00317454963193
188 0.00317454963193
187 0.00317454963193
186 0.00317454963193
183 0.00317454963193
182 0.00317454963193
181 0.00317454963193
250 0.00316048755148
241 0.00315482558443
240 0.00315482558443
238 0.00315482558443
266 0.00315482558443
265 0.00315482558443
239 0.00315482558443
237 0.00315482558443
163 0.00315071982845
230 0.00311530387324
229 0.00311530387324
220 0.00311530387324
175 0.00310612150977
259 0.00310612150977
227 0.00307052136083
174 0.0030537133171
173 0.0030537133171
184 0.00300162090418
251 0.00299704281193
249 0.00299655744583
252 0.00299655744583
258 0.00299644179593
73 0.00299520804227
102 0.00299032137108
159 0.00299032137108
243 0.00296794536713
247 0.00294767563621
42 0.00294564421503
24 0.00294285282845
20 0.00294285282845
18 0.00294285282845
83 0.00293548465529
82 0.00293548465529
34 0.00292101301282
25 0.00291015179303
95 0.00289941684106
93 0.00288195250866
91 0.00288195250866
89 0.00288195250866
88 0.00288195250866
86 0.00288195250866
77 0.00288195250866
76 0.00288195250866
74 0.00288195250866
94 0.00288195250866
92 0.00288195250866
90 0.00288195250866
85 0.00288195250866
78 0.00288195250866
75 0.00288195250866
104 0.00285487487142
71 0.00285188021366
162 0.00284325066169
101 0.00284325066169
100 0.00284325066169
161 0.00284325066169
160 0.00284325066169
99 0.00284325066169
97 0.00284325066169
158 0.00284325066169
157 0.00284325066169
156 0.00284325066169
231 0.00280862916782
72 0.00279241791158
19 0.00279241791158
69 0.00279241791158
68 0.00279241791158
49 0.00279241791158
48 0.00279241791158
47 0.00279241791158
46 0.00279241791158
45 0.00279241791158
44 0.00279241791158
41 0.00279241791158
40 0.00279241791158
39 0.00279241791158
38 0.00279241791158
32 0.00279241791158
30 0.00279241791158
29 0.00279241791158
27 0.00279241791158
26 0.00279241791158
23 0.00279241791158
22 0.00279241791158
21 0.00279241791158
70 0.00276985381846
35 0.00276888593752
4 0.00273579607365
267 0.00272901239718
1 0.00272801494833
248 0.0027279552854
36 0.00269229108553
31 0.00269229108553
28 0.00269092660892
33 0.00269092660892
151 0.0026760377159
103 0.00266226187547
87 0.00263004830717
84 0.00263004830717
81 0.00263004830717
80 0.00263004830717
79 0.00263004830717
43 0.00262007818984
17 0.00260584387609
144 0.00259277370668
59 0.00258695501938
53 0.00258695501938
10 0.00258247059991
262 0.00258178984984
50 0.00258008322371
37 0.0025441346884
235 0.00252007273546
228 0.00252007273546
208 0.00252007273546
166 0.00252007273546
268 0.00247483545007
107 0.00245167290284
136 0.0024475392177
132 0.0024475392177
54 0.00243197075116
67 0.00243197075116
57 0.00243197075116
62 0.00243197075116
9 0.00243197075116
66 0.00243197075116
65 0.00243197075116
64 0.00243197075116
63 0.00243197075116
61 0.00243197075116
60 0.00243197075116
58 0.00243197075116
56 0.00243197075116
55 0.00243197075116
52 0.00243197075116
51 0.00243197075116
16 0.00243197075116
15 0.00243197075116
14 0.00243197075116
13 0.00243197075116
12 0.00243197075116
11 0.00243197075116
8 0.00243197075116
7 0.00243197075116
6 0.00243197075116
5 0.00243197075116
3 0.00243197075116
2 0.00243197075116
0 0.00243197075116
143 0.00230211035664
142 0.00230211035664
141 0.00230211035664
140 0.00230211035664
139 0.00230211035664
138 0.00230211035664
135 0.00230211035664
131 0.00230211035664
130 0.00230211035664
119 0.00230211035664
117 0.00230211035664
116 0.00230211035664
115 0.00230211035664
114 0.00230211035664
113 0.00230211035664
112 0.00230211035664
111 0.00230211035664
110 0.00230211035664
155 0.00230211035664
153 0.00230211035664
150 0.00230211035664
148 0.00230211035664
147 0.00230211035664
146 0.00230211035664
145 0.00230211035664
137 0.00230211035664
134 0.00230211035664
133 0.00230211035664
129 0.00230211035664
128 0.00230211035664
127 0.00230211035664
126 0.00230211035664
125 0.00230211035664
124 0.00230211035664
123 0.00230211035664
122 0.00230211035664
121 0.00230211035664
120 0.00230211035664
118 0.00230211035664
169 0.00230211035664
168 0.00230211035664
154 0.00230211035664
152 0.00230211035664
149 0.00230211035664
167 0.00230211035664
105 0.00230211035664
109 0.00230211035664
108 0.00230211035664
106 0.00230211035664
