169 7.82245542817
168 7.82245542817
167 7.82245542817
155 7.82245542817
154 7.82245542817
153 7.82245542817
152 7.82245542817
150 7.82245542817
149 7.82245542817
148 7.82245542817
147 7.82245542817
146 7.82245542817
145 7.82245542817
143 7.82245542817
142 7.82245542817
141 7.82245542817
140 7.82245542817
139 7.82245542817
138 7.82245542817
137 7.82245542817
135 7.82245542817
134 7.82245542817
133 7.82245542817
131 7.82245542817
130 7.82245542817
129 7.82245542817
128 7.82245542817
127 7.82245542817
126 7.82245542817
125 7.82245542817
124 7.82245542817
123 7.82245542817
122 7.82245542817
121 7.82245542817
120 7.82245542817
119 7.82245542817
118 7.82245542817
117 7.82245542817
116 7.82245542817
115 7.82245542817
114 7.82245542817
113 7.82245542817
112 7.82245542817
111 7.82245542817
110 7.82245542817
109 7.82245542817
108 7.82245542817
106 7.82245542817
105 7.82245542817
268 7.54331170344
136 7.42449790999
132 7.42449790999
107 7.42377338783
67 7.34147054402
66 7.34147054402
65 7.34147054402
64 7.34147054402
63 7.34147054402
62 7.34147054402
61 7.34147054402
60 7.34147054402
58 7.34147054402
57 7.34147054402
56 7.34147054402
55 7.34147054402
54 7.34147054402
52 7.34147054402
51 7.34147054402
16 7.34147054402
15 7.34147054402
14 7.34147054402
13 7.34147054402
12 7.34147054402
11 7.34147054402
9 7.34147054402
8 7.34147054402
7 7.34147054402
6 7.34147054402
5 7.34147054402
3 7.34147054402
2 7.34147054402
17 7.31721244367
235 7.21583787384
228 7.21583787384
208 7.21583787384
166 7.21583787384
262 7.13244156716
144 7.02382644698
50 6.94850810314
10 6.93378500044
59 6.92735616383
53 6.92735616383
37 6.86787784541
103 6.819545086
248 6.73071937339
87 6.66714616656
84 6.66714616656
81 6.66714616656
80 6.66714616656
79 6.66714616656
43 6.59497096218
33 6.58696773594
28 6.58696773594
36 6.58501142682
31 6.58501142682
267 6.54772297288
1 6.53251563208
4 6.52125027153
151 6.4586106617
243 6.28701243529
35 6.18855282464
70 6.18714370978
231 6.0453759986
258 6.03601266595
252 6.01154136048
249 6.01154136048
251 6.0108269352
72 5.99198751531
69 5.99198751531
68 5.99198751531
49 5.99198751531
48 5.99198751531
47 5.99198751531
46 5.99198751531
45 5.99198751531
44 5.99198751531
41 5.99198751531
40 5.99198751531
39 5.99198751531
38 5.99198751531
32 5.99198751531
30 5.99198751531
29 5.99198751531
27 5.99198751531
26 5.99198751531
23 5.99198751531
22 5.99198751531
21 5.99198751531
19 5.99198751531
71 5.90592345978
104 5.87381690928
25 5.80453072643
94 5.78498873012
93 5.78498873012
92 5.78498873012
91 5.78498873012
90 5.78498873012
89 5.78498873012
88 5.78498873012
86 5.78498873012
85 5.78498873012
78 5.78498873012
77 5.78498873012
76 5.78498873012
75 5.78498873012
74 5.78498873012
247 5.77923583012
162 5.76099300938
161 5.76099300938
160 5.76099300938
158 5.76099300938
157 5.76099300938
156 5.76099300938
101 5.76099300938
100 5.76099300938
99 5.76099300938
97 5.76099300938
83 5.70756439129
82 5.70756439129
34 5.6938522195
95 5.67967394265
266 5.62478670451
265 5.62478670451
241 5.62478670451
240 5.62478670451
239 5.62478670451
238 5.62478670451
237 5.62478670451
73 5.60406426671
24 5.5835467723
20 5.5835467723
18 5.5835467723
42 5.57940143243
250 5.54332260042
174 5.51474875948
173 5.51474875948
171 5.41998767333
184 5.39483000467
159 5.35760557379
102 5.35760557379
227 5.15153114111
165 5.11121168829
172 5.09673639282
230 5.08679269378
229 5.08679269378
220 5.08679269378
163 5.03638247092
259 4.9106608773
175 4.9106608773
98 4.89933513334
164 4.86516767525
96 4.76353518466
170 4.74083706481
269 4.62377078167
264 4.62377078167
263 4.62377078167
261 4.62377078167
260 4.62377078167
257 4.62377078167
256 4.62377078167
255 4.62377078167
254 4.62377078167
253 4.62377078167
246 4.62377078167
245 4.62377078167
244 4.62377078167
242 4.62377078167
236 4.62377078167
233 4.62377078167
232 4.62377078167
226 4.62377078167
225 4.62377078167
224 4.62377078167
223 4.62377078167
222 4.62377078167
221 4.62377078167
219 4.62377078167
218 4.62377078167
217 4.62377078167
216 4.62377078167
215 4.62377078167
214 4.62377078167
213 4.62377078167
212 4.62377078167
211 4.62377078167
210 4.62377078167
209 4.62377078167
207 4.62377078167
205 4.62377078167
204 4.62377078167
203 4.62377078167
202 4.62377078167
201 4.62377078167
200 4.62377078167
199 4.62377078167
198 4.62377078167
197 4.62377078167
196 4.62377078167
195 4.62377078167
194 4.62377078167
193 4.62377078167
192 4.62377078167
191 4.62377078167
190 4.62377078167
189 4.62377078167
188 4.62377078167
187 4.62377078167
186 4.62377078167
185 4.62377078167
183 4.62377078167
182 4.62377078167
181 4.62377078167
180 4.62377078167
179 4.62377078167
178 4.62377078167
177 4.62377078167
176 4.62377078167
234 4.50282789299
206 4.50282789299

