64 106.154847995
5 105.459193968
26 102.593607174
31 102.579118573
32 102.5349043
41 102.522953327
25 99.5887127285
44 98.9982074831
45 98.5393690916
36 98.4210124217
34 98.372774439
27 97.3640233966
21 94.5833242217
30 94.3232928408
48 94.2959047681
52 93.2510362988
49 91.9713238146
63 91.3731496572
22 91.1977449649
20 90.2487831449
6 89.550395063
60 89.4528464276
11 88.5512484404
24 87.2567951859
55 86.7326988657
16 85.0858856821
38 85.0466480542
10 83.8392257806
33 81.8491369233
28 81.7782917764
13 81.3535852148
18 78.3387210099
17 78.1450265201
65 78.0446297072
50 77.8628319565
37 77.3939936593
47 73.8337314943
29 73.7379791849
15 73.2948862221
46 73.166943477
39 72.9846677289
7 71.2287348195
3 71.0756226848
59 70.9449501377
42 70.8277449201
61 69.9286139742
62 69.8397440625
57 69.8201345979
4 69.8051785046
58 64.6098751709
12 63.4100381003
14 60.8901650636
56 60.0225383256
53 59.6013761656
23 57.732548206
8 54.2354578461
19 52.6902168126
43 46.4458243742
9 41.4156113739
2 37.1768656967
1 35.0624731196
51 32.3203144063
35 29.7080339645
40 29.480123659
54 25.0142594182
