299 0.00470692216746
279 0.00443196774903
241 0.00441565076334
298 0.00425380393887
112 0.00407028524943
281 0.00403215497517
180 0.00401118583641
228 0.00400837076947
238 0.00400532244074
78 0.00400532244074
90 0.00400532244074
50 0.00400532244074
287 0.00400336220776
295 0.00399206723866
12 0.00397648295431
257 0.00385330217244
260 0.00382014598227
150 0.00381104187798
9 0.00379870594662
5 0.00379714310634
283 0.00378762778245
285 0.00378762778245
284 0.00378762778245
282 0.00377497868067
73 0.00372418558875
45 0.00372376872096
76 0.00371815558178
175 0.00364979671605
300 0.00358695529694
289 0.00357280278117
261 0.00355138893676
313 0.00354880727537
109 0.00350978236853
256 0.0034884865399
255 0.0034884865399
63 0.00348091134162
172 0.00336796385362
297 0.00333660690731
216 0.00333109379631
197 0.00331702232248
185 0.00331516923795
301 0.0033079816692
280 0.0033079816692
253 0.0033079816692
288 0.0033079816692
324 0.0033079816692
296 0.0033079816692
294 0.0033079816692
290 0.0033079816692
308 0.00330175954894
207 0.00329406573606
217 0.00329387926549
323 0.00329232072062
322 0.00329232072062
321 0.00329182785735
320 0.00328201164106
292 0.00325833361376
291 0.00325833361376
318 0.00325833361376
311 0.00325833361376
310 0.00325833361376
307 0.00325833361376
306 0.00325833361376
305 0.00325833361376
304 0.00325833361376
303 0.00325833361376
302 0.00325833361376
312 0.00325833361376
317 0.00325833361376
316 0.00325833361376
315 0.00325833361376
314 0.00325833361376
19 0.00321542428718
22 0.00321418023019
92 0.00321109608316
237 0.00320641324844
268 0.00316613446366
153 0.00314329307441
210 0.00313183804606
208 0.00304374013962
204 0.0030314823671
200 0.0030314823671
309 0.0030264715124
199 0.00299996610234
198 0.00299996610234
179 0.00299996610234
224 0.00299996610234
223 0.00299996610234
222 0.00299996610234
221 0.00299996610234
220 0.00299996610234
219 0.00299996610234
187 0.00299996610234
186 0.00299996610234
203 0.00299996610234
206 0.00299996610234
201 0.00299996610234
215 0.00299996610234
213 0.00299996610234
212 0.00299996610234
211 0.00299996610234
196 0.00299996610234
182 0.00299974457904
147 0.00299974457904
145 0.00299974457904
8 0.00291350784674
111 0.00291175679272
7 0.00291175679272
259 0.00289345245768
60 0.00289043865588
116 0.00286875309973
135 0.00286651171867
233 0.00285321792564
176 0.00285184185426
139 0.00284801882899
81 0.00284801882899
62 0.00284801882899
148 0.00284705041108
209 0.00284676010081
178 0.00284668537785
107 0.00284639429284
41 0.00284567858441
52 0.00284567858441
161 0.00284007901626
165 0.00283150311532
214 0.00283150311532
319 0.00274988243933
124 0.00259841074386
264 0.00259049018187
72 0.00259049018187
277 0.00258716524935
152 0.00258389660977
0 0.00257671463122
141 0.00257671463122
218 0.00257529042243
195 0.00257529042243
194 0.00257529042243
192 0.00257529042243
190 0.00257529042243
146 0.00257529042243
149 0.00257529042243
159 0.00257529042243
158 0.00257529042243
157 0.00257529042243
156 0.00257529042243
155 0.00257529042243
169 0.00257529042243
160 0.00257529042243
177 0.00257529042243
174 0.00257529042243
173 0.00257529042243
171 0.00257529042243
170 0.00257529042243
166 0.00257529042243
164 0.00257529042243
163 0.00257529042243
162 0.00257529042243
262 0.00257529042243
193 0.00257529042243
189 0.00257529042243
188 0.00257529042243
184 0.00257529042243
167 0.00257529042243
271 0.00256850985036
269 0.00256850985036
202 0.00256015738342
254 0.00255217346926
21 0.00255217346926
240 0.00255217346926
14 0.00255217346926
325 0.00255217346926
130 0.00254229054604
134 0.00254229054604
95 0.00254229054604
13 0.00254229054604
168 0.0023708935507
229 0.0023708935507
243 0.0023708935507
242 0.0023708935507
205 0.0023708935507
121 0.00228226506961
270 0.00228226506961
244 0.00228226506961
151 0.00228226506961
91 0.00228226506961
39 0.00228226506961
38 0.00228226506961
36 0.00228226506961
25 0.00228226506961
2 0.00228226506961
1 0.00228226506961
133 0.00228226506961
132 0.00228226506961
49 0.00228226506961
79 0.00228226506961
102 0.00228226506961
267 0.00223194452432
266 0.00223194452432
265 0.00223194452432
263 0.00223194452432
191 0.00223194452432
183 0.00223194452432
181 0.00223194452432
137 0.00223194452432
136 0.00223194452432
89 0.00223194452432
88 0.00223194452432
87 0.00223194452432
138 0.00223194452432
131 0.00223194452432
86 0.00223194452432
85 0.00223194452432
84 0.00223194452432
83 0.00223194452432
27 0.00223194452432
26 0.00223194452432
24 0.00223194452432
23 0.00223194452432
20 0.00223194452432
258 0.00223194452432
252 0.00223194452432
251 0.00223194452432
227 0.00223194452432
226 0.00223194452432
225 0.00223194452432
108 0.00223194452432
106 0.00223194452432
82 0.00223194452432
80 0.00223194452432
57 0.00223194452432
29 0.00223194452432
28 0.00223194452432
105 0.00223194452432
104 0.00223194452432
77 0.00223194452432
74 0.00223194452432
71 0.00223194452432
70 0.00223194452432
6 0.00223194452432
4 0.00223194452432
3 0.00223194452432
103 0.00223194452432
100 0.00223194452432
75 0.00223194452432
48 0.00223194452432
43 0.00223194452432
42 0.00223194452432
239 0.00223194452432
101 0.00223194452432
51 0.00223194452432
47 0.00223194452432
46 0.00223194452432
44 0.00223194452432
40 0.00223194452432
236 0.00223194452432
235 0.00223194452432
234 0.00223194452432
250 0.00223194452432
232 0.00223194452432
231 0.00223194452432
230 0.00223194452432
68 0.00223194452432
37 0.00223194452432
35 0.00223194452432
34 0.00223194452432
32 0.00223194452432
129 0.00223194452432
128 0.00223194452432
123 0.00223194452432
33 0.00223194452432
31 0.00223194452432
30 0.00223194452432
286 0.00223194452432
143 0.00223194452432
142 0.00223194452432
127 0.00223194452432
126 0.00223194452432
122 0.00223194452432
120 0.00223194452432
276 0.00223194452432
273 0.00223194452432
272 0.00223194452432
144 0.00223194452432
140 0.00223194452432
125 0.00223194452432
293 0.00223194452432
278 0.00223194452432
275 0.00223194452432
274 0.00223194452432
249 0.00223194452432
248 0.00223194452432
247 0.00223194452432
246 0.00223194452432
245 0.00223194452432
154 0.00223194452432
119 0.00223194452432
118 0.00223194452432
117 0.00223194452432
115 0.00223194452432
114 0.00223194452432
113 0.00223194452432
110 0.00223194452432
99 0.00223194452432
98 0.00223194452432
97 0.00223194452432
96 0.00223194452432
94 0.00223194452432
93 0.00223194452432
69 0.00223194452432
67 0.00223194452432
66 0.00223194452432
65 0.00223194452432
64 0.00223194452432
61 0.00223194452432
59 0.00223194452432
58 0.00223194452432
56 0.00223194452432
55 0.00223194452432
54 0.00223194452432
53 0.00223194452432
18 0.00223194452432
17 0.00223194452432
16 0.00223194452432
15 0.00223194452432
11 0.00223194452432
10 0.00223194452432
