1 2.2234672616
2 2.2234672616
25 2.2234672616
36 2.2234672616
38 2.2234672616
39 2.2234672616
49 2.2234672616
79 2.2234672616
91 2.2234672616
102 2.2234672616
121 2.2234672616
132 2.2234672616
133 2.2234672616
151 2.2234672616
244 2.2234672616
270 2.2234672616
168 2.23168790515
205 2.23168790515
229 2.23168790515
242 2.23168790515
243 2.23168790515
3 2.24200605128
4 2.24200605128
6 2.24200605128
10 2.24200605128
11 2.24200605128
15 2.24200605128
16 2.24200605128
17 2.24200605128
18 2.24200605128
20 2.24200605128
23 2.24200605128
24 2.24200605128
26 2.24200605128
27 2.24200605128
28 2.24200605128
29 2.24200605128
30 2.24200605128
31 2.24200605128
32 2.24200605128
33 2.24200605128
34 2.24200605128
35 2.24200605128
37 2.24200605128
40 2.24200605128
42 2.24200605128
43 2.24200605128
44 2.24200605128
46 2.24200605128
47 2.24200605128
48 2.24200605128
51 2.24200605128
53 2.24200605128
54 2.24200605128
55 2.24200605128
56 2.24200605128
57 2.24200605128
58 2.24200605128
59 2.24200605128
61 2.24200605128
64 2.24200605128
65 2.24200605128
66 2.24200605128
67 2.24200605128
68 2.24200605128
69 2.24200605128
70 2.24200605128
71 2.24200605128
74 2.24200605128
75 2.24200605128
77 2.24200605128
80 2.24200605128
82 2.24200605128
83 2.24200605128
84 2.24200605128
85 2.24200605128
86 2.24200605128
87 2.24200605128
88 2.24200605128
89 2.24200605128
93 2.24200605128
94 2.24200605128
96 2.24200605128
97 2.24200605128
98 2.24200605128
99 2.24200605128
100 2.24200605128
101 2.24200605128
103 2.24200605128
104 2.24200605128
105 2.24200605128
106 2.24200605128
108 2.24200605128
110 2.24200605128
113 2.24200605128
114 2.24200605128
115 2.24200605128
117 2.24200605128
118 2.24200605128
119 2.24200605128
120 2.24200605128
122 2.24200605128
123 2.24200605128
125 2.24200605128
126 2.24200605128
127 2.24200605128
128 2.24200605128
129 2.24200605128
131 2.24200605128
136 2.24200605128
137 2.24200605128
138 2.24200605128
140 2.24200605128
142 2.24200605128
143 2.24200605128
144 2.24200605128
154 2.24200605128
181 2.24200605128
183 2.24200605128
191 2.24200605128
225 2.24200605128
226 2.24200605128
227 2.24200605128
230 2.24200605128
231 2.24200605128
232 2.24200605128
234 2.24200605128
235 2.24200605128
236 2.24200605128
239 2.24200605128
245 2.24200605128
246 2.24200605128
247 2.24200605128
248 2.24200605128
249 2.24200605128
250 2.24200605128
251 2.24200605128
252 2.24200605128
258 2.24200605128
263 2.24200605128
265 2.24200605128
266 2.24200605128
267 2.24200605128
272 2.24200605128
273 2.24200605128
274 2.24200605128
275 2.24200605128
276 2.24200605128
278 2.24200605128
286 2.24200605128
293 2.24200605128
146 2.33553139676
149 2.33553139676
155 2.33553139676
156 2.33553139676
157 2.33553139676
158 2.33553139676
159 2.33553139676
160 2.33553139676
162 2.33553139676
163 2.33553139676
164 2.33553139676
166 2.33553139676
167 2.33553139676
169 2.33553139676
170 2.33553139676
171 2.33553139676
173 2.33553139676
174 2.33553139676
177 2.33553139676
184 2.33553139676
188 2.33553139676
189 2.33553139676
190 2.33553139676
192 2.33553139676
193 2.33553139676
194 2.33553139676
195 2.33553139676
218 2.33553139676
262 2.33553139676
202 2.40195457505
13 2.44726531333
95 2.44726531333
130 2.44726531333
134 2.44726531333
269 2.46076920873
271 2.46076920873
141 2.47117071131
152 2.47618010011
264 2.48078281904
72 2.48078281904
14 2.50593979755
21 2.50593979755
240 2.50593979755
254 2.50593979755
325 2.50593979755
277 2.53023165476
124 2.53809605695
165 2.55215972183
214 2.55215972183
161 2.5629292253
176 2.56633535547
178 2.56755502727
148 2.56773597829
233 2.5720989347
319 2.57262435808
209 2.64495052519
41 2.7016376571
52 2.7016376571
107 2.70208791584
62 2.70324951406
81 2.70324951406
139 2.70324951406
116 2.71300232895
60 2.73268915926
259 2.73485396819
200 2.73525634623
204 2.73525634623
309 2.74464273861
135 2.76758932847
145 2.78030549212
147 2.78030549212
182 2.78030549212
179 2.79044207259
186 2.79044207259
187 2.79044207259
196 2.79044207259
198 2.79044207259
199 2.79044207259
201 2.79044207259
203 2.79044207259
206 2.79044207259
211 2.79044207259
212 2.79044207259
213 2.79044207259
215 2.79044207259
219 2.79044207259
220 2.79044207259
221 2.79044207259
222 2.79044207259
223 2.79044207259
224 2.79044207259
7 2.79903743936
111 2.79903743936
8 2.80025092168
208 2.82074072553
210 2.88697785428
253 2.91911968629
280 2.91911968629
288 2.91911968629
290 2.91911968629
294 2.91911968629
296 2.91911968629
301 2.91911968629
324 2.91911968629
237 2.93891352459
153 2.94742675602
268 2.96343845883
308 2.98009192675
297 2.99069786683
291 3.00380000076
292 3.00380000076
302 3.00380000076
303 3.00380000076
304 3.00380000076
305 3.00380000076
306 3.00380000076
307 3.00380000076
310 3.00380000076
311 3.00380000076
312 3.00380000076
314 3.00380000076
315 3.00380000076
316 3.00380000076
317 3.00380000076
318 3.00380000076
255 3.006383176
256 3.006383176
172 3.01319042881
321 3.01748541256
320 3.02043863702
322 3.02760456888
323 3.02760456888
217 3.03866624615
207 3.03872345927
92 3.04598074199
22 3.04818484802
185 3.04873464794
197 3.05001987568
19 3.0536110104
216 3.06435626851
261 3.13281950437
289 3.14307553861
300 3.1575223212
282 3.19255138034
260 3.21385211938
63 3.22591632005
313 3.2498440924
283 3.25244436399
284 3.25244436399
285 3.25244436399
175 3.25322871381
150 3.25778759915
295 3.29581849984
109 3.30181401147
257 3.38255979382
76 3.43911163407
45 3.44325360306
73 3.44345400818
281 3.47355148135
287 3.53149422573
5 3.5451728374
9 3.54627122099
298 3.55534323737
12 3.66179334358
228 3.68038171924
180 3.68682429364
50 3.73259239288
78 3.73259239288
90 3.73259239288
238 3.73259239288
112 3.77835768887
241 3.86677642903
279 3.87820847286
299 4.11359244099

