3 1.53155867383
4 1.53155867383
6 1.53155867383
8 1.53155867383
9 1.53155867383
10 1.53155867383
12 1.53155867383
13 1.53155867383
14 1.53155867383
15 1.53155867383
16 1.53155867383
17 1.53155867383
19 1.53155867383
20 1.53155867383
22 1.53155867383
23 1.53155867383
24 1.53155867383
25 1.53155867383
26 1.53155867383
27 1.53155867383
28 1.53155867383
30 1.53155867383
31 1.53155867383
32 1.53155867383
33 1.53155867383
34 1.53155867383
35 1.53155867383
37 1.53155867383
38 1.53155867383
40 1.53155867383
41 1.53155867383
42 1.53155867383
43 1.53155867383
44 1.53155867383
45 1.53155867383
46 1.53155867383
47 1.53155867383
48 1.53155867383
49 1.53155867383
50 1.53155867383
51 1.53155867383
52 1.53155867383
53 1.53155867383
54 1.53155867383
56 1.53155867383
57 1.53155867383
58 1.53155867383
59 1.53155867383
60 1.53155867383
61 1.53155867383
62 1.53155867383
63 1.53155867383
64 1.53155867383
65 1.53155867383
66 1.53155867383
67 1.53155867383
68 1.53155867383
69 1.53155867383
70 1.53155867383
71 1.53155867383
72 1.53155867383
73 1.53155867383
74 1.53155867383
75 1.53155867383
76 1.53155867383
77 1.53155867383
78 1.53155867383
79 1.53155867383
80 1.53155867383
81 1.53155867383
82 1.53155867383
83 1.53155867383
84 1.53155867383
85 1.53155867383
86 1.53155867383
87 1.53155867383
88 1.53155867383
89 1.53155867383
90 1.53155867383
91 1.53155867383
92 1.53155867383
94 1.53155867383
95 1.53155867383
96 1.53155867383
97 1.53155867383
98 1.53155867383
99 1.53155867383
101 1.53155867383
102 1.53155867383
104 1.53155867383
105 1.53155867383
106 1.53155867383
107 1.53155867383
108 1.53155867383
109 1.53155867383
110 1.53155867383
111 1.53155867383
112 1.53155867383
114 1.53155867383
116 1.53155867383
117 1.53155867383
118 1.53155867383
119 1.53155867383
120 1.53155867383
121 1.53155867383
123 1.53155867383
124 1.53155867383
125 1.53155867383
127 1.53155867383
128 1.53155867383
130 1.53155867383
131 1.53155867383
132 1.53155867383
133 1.53155867383
134 1.53155867383
135 1.53155867383
136 1.53155867383
137 1.53155867383
139 1.53155867383
140 1.53155867383
141 1.53155867383
142 1.53155867383
143 1.53155867383
144 1.53155867383
145 1.53155867383
147 1.53155867383
148 1.53155867383
149 1.53155867383
150 1.53155867383
151 1.53155867383
152 1.53155867383
153 1.53155867383
154 1.53155867383
155 1.53155867383
156 1.53155867383
157 1.53155867383
160 1.53155867383
161 1.53155867383
162 1.53155867383
163 1.53155867383
164 1.53155867383
165 1.53155867383
166 1.53155867383
167 1.53155867383
168 1.53155867383
169 1.53155867383
170 1.53155867383
171 1.53155867383
172 1.53155867383
173 1.53155867383
174 1.53155867383
175 1.53155867383
177 1.53155867383
178 1.53155867383
179 1.53155867383
180 1.53155867383
181 1.53155867383
182 1.53155867383
183 1.53155867383
184 1.53155867383
185 1.53155867383
187 1.53155867383
190 1.53155867383
191 1.53155867383
192 1.53155867383
193 1.53155867383
194 1.53155867383
195 1.53155867383
196 1.53155867383
197 1.53155867383
198 1.53155867383
199 1.53155867383
201 1.53155867383
203 1.53155867383
204 1.53155867383
205 1.53155867383
206 1.53155867383
207 1.53155867383
208 1.53155867383
210 1.53155867383
211 1.53155867383
213 1.53155867383
214 1.53155867383
215 1.53155867383
216 1.53155867383
217 1.53155867383
218 1.53155867383
219 1.53155867383
220 1.53155867383
221 1.53155867383
222 1.53155867383
223 1.53155867383
224 1.53155867383
227 1.53155867383
228 1.53155867383
229 1.53155867383
230 1.53155867383
231 1.53155867383
233 1.53155867383
235 1.53155867383
236 1.53155867383
237 1.53155867383
238 1.53155867383
240 1.53155867383
241 1.53155867383
242 1.53155867383
243 1.53155867383
244 1.53155867383
245 1.53155867383
246 1.53155867383
247 1.53155867383
248 1.53155867383
249 1.53155867383
250 1.53155867383
251 1.53155867383
252 1.53155867383
254 1.53155867383
255 1.53155867383
256 1.53155867383
258 1.53155867383
260 1.53155867383
262 1.53155867383
263 1.53155867383
264 1.53155867383
265 1.53155867383
266 1.53155867383
267 1.53155867383
268 1.53155867383
270 1.53155867383
274 1.53155867383
275 1.53155867383
276 1.53155867383
277 1.53155867383
278 1.53155867383
280 1.53155867383
281 1.53155867383
282 1.53155867383
283 1.53155867383
284 1.53155867383
285 1.53155867383
287 1.53155867383
288 1.53155867383
289 1.53155867383
291 1.53155867383
292 1.53155867383
293 1.53155867383
295 1.53155867383
296 1.53155867383
297 1.53155867383
298 1.53155867383
299 1.53155867383
300 1.53155867383
301 1.53155867383
302 1.53155867383
303 1.53155867383
304 1.53155867383
305 1.53155867383
306 1.53155867383
307 1.53155867383
309 1.53155867383
310 1.53155867383
311 1.53155867383
312 1.53155867383
314 1.53155867383
316 1.53155867383
317 1.53155867383
318 1.53155867383
319 1.53155867383
320 1.53155867383
321 1.53155867383
322 1.53155867383
325 1.53155867383
326 1.53155867383
327 1.53155867383
329 1.53155867383
332 1.53155867383
333 1.53155867383
334 1.53155867383
336 1.53155867383
338 1.53155867383
339 1.53155867383
340 1.53155867383
341 1.53155867383
342 1.53155867383
343 1.53155867383
345 1.53155867383
346 1.53155867383
348 1.53155867383
349 1.53155867383
350 1.53155867383
351 1.53155867383
354 1.53155867383
357 1.53155867383
359 1.53155867383
360 1.53155867383
361 1.53155867383
362 1.53155867383
363 1.53155867383
364 1.53155867383
365 1.53155867383
366 1.53155867383
369 1.53155867383
370 1.53155867383
372 1.53155867383
373 1.53155867383
374 1.53155867383
375 1.53155867383
378 1.53155867383
379 1.53155867383
380 1.53155867383
383 1.53155867383
384 1.53155867383
386 1.53155867383
387 1.53155867383
388 1.53155867383
389 1.53155867383
391 1.53155867383
392 1.53155867383
394 1.53155867383
396 1.53155867383
397 1.53155867383
398 1.53155867383
399 1.53155867383
400 1.53155867383
401 1.53155867383
402 1.53155867383
403 1.53155867383
404 1.53155867383
406 1.53155867383
407 1.53155867383
409 1.53155867383
410 1.53155867383
411 1.53155867383
412 1.53155867383
413 1.53155867383
414 1.53155867383
415 1.53155867383
36 1.63882453328
100 1.63882453328
115 1.63882453328
122 1.63882453328
129 1.63882453328
390 1.63882453328
405 1.63882453328
581 1.69965561172
641 1.69965561172
11 1.74311918299
393 1.74311918299
29 1.79870111198
126 1.79870111198
186 1.79870111198
188 1.79870111198
200 1.79870111198
202 1.79870111198
209 1.79870111198
225 1.79870111198
232 1.79870111198
286 1.79870111198
308 1.79870111198
328 1.79870111198
331 1.79870111198
2 1.80599565412
103 1.80599565412
113 1.80599565412
146 1.80599565412
158 1.80599565412
159 1.80599565412
176 1.80599565412
189 1.80599565412
226 1.80599565412
253 1.80599565412
313 1.80599565412
371 1.80599565412
21 1.80805556309
271 1.80805556309
376 1.81531472543
39 1.81567823829
55 1.81567823829
7 1.81648117064
261 1.86054819791
347 1.86054819791
358 1.86537823677
344 1.86642074166
367 1.86642074166
234 1.86690269162
356 1.86690269162
381 1.86690269162
382 1.86690269162
385 1.86690269162
408 1.86690269162
5 1.86706378705
330 1.86706378705
93 1.86834930491
315 1.86834930491
18 1.86915344572
138 1.86915344572
580 1.8827654965
582 1.8827654965
583 1.8827654965
586 1.8827654965
587 1.8827654965
590 1.8827654965
591 1.8827654965
593 1.8827654965
594 1.8827654965
595 1.8827654965
596 1.8827654965
597 1.8827654965
601 1.8827654965
602 1.8827654965
603 1.8827654965
604 1.8827654965
605 1.8827654965
606 1.8827654965
607 1.8827654965
608 1.8827654965
609 1.8827654965
610 1.8827654965
611 1.8827654965
612 1.8827654965
614 1.8827654965
616 1.8827654965
618 1.8827654965
619 1.8827654965
620 1.8827654965
621 1.8827654965
622 1.8827654965
623 1.8827654965
624 1.8827654965
625 1.8827654965
626 1.8827654965
627 1.8827654965
628 1.8827654965
629 1.8827654965
630 1.8827654965
631 1.8827654965
632 1.8827654965
634 1.8827654965
635 1.8827654965
636 1.8827654965
637 1.8827654965
638 1.8827654965
639 1.8827654965
640 1.8827654965
642 1.8827654965
643 1.8827654965
644 1.8827654965
646 1.8827654965
647 1.8827654965
648 1.8827654965
617 1.92578066534
368 1.95952843649
598 1.98160085864
645 1.98160085864
588 1.98240639591
416 1.99730687678
417 1.99730687678
418 1.99730687678
421 1.99730687678
422 1.99730687678
423 1.99730687678
424 1.99730687678
425 1.99730687678
426 1.99730687678
505 1.99730687678
507 1.99730687678
508 1.99730687678
509 1.99730687678
510 1.99730687678
511 1.99730687678
512 1.99730687678
513 1.99730687678
514 1.99730687678
515 1.99730687678
516 1.99730687678
517 1.99730687678
518 1.99730687678
520 1.99730687678
521 1.99730687678
522 1.99730687678
523 1.99730687678
524 1.99730687678
525 1.99730687678
526 1.99730687678
527 1.99730687678
528 1.99730687678
532 1.99730687678
429 2.07118845707
430 2.07118845707
431 2.07118845707
432 2.07118845707
433 2.07118845707
434 2.07118845707
435 2.07118845707
436 2.07118845707
437 2.07118845707
438 2.07118845707
439 2.07118845707
440 2.07118845707
441 2.07118845707
442 2.07118845707
443 2.07118845707
444 2.07118845707
445 2.07118845707
446 2.07118845707
447 2.07118845707
448 2.07118845707
449 2.07118845707
450 2.07118845707
451 2.07118845707
452 2.07118845707
453 2.07118845707
454 2.07118845707
456 2.07118845707
457 2.07118845707
458 2.07118845707
459 2.07118845707
460 2.07118845707
461 2.07118845707
462 2.07118845707
463 2.07118845707
464 2.07118845707
465 2.07118845707
466 2.07118845707
467 2.07118845707
468 2.07118845707
469 2.07118845707
470 2.07118845707
471 2.07118845707
472 2.07118845707
473 2.07118845707
475 2.07118845707
476 2.07118845707
477 2.07118845707
478 2.07118845707
479 2.07118845707
481 2.07118845707
482 2.07118845707
485 2.07118845707
486 2.07118845707
487 2.07118845707
488 2.07118845707
489 2.07118845707
490 2.07118845707
491 2.07118845707
492 2.07118845707
493 2.07118845707
494 2.07118845707
495 2.07118845707
496 2.07118845707
497 2.07118845707
498 2.07118845707
499 2.07118845707
500 2.07118845707
501 2.07118845707
502 2.07118845707
503 2.07118845707
504 2.07118845707
545 2.07118845707
547 2.07118845707
549 2.07118845707
551 2.07118845707
552 2.07118845707
554 2.07118845707
555 2.07118845707
556 2.07118845707
558 2.07118845707
559 2.07118845707
560 2.07118845707
561 2.07118845707
562 2.07118845707
563 2.07118845707
564 2.07118845707
565 2.07118845707
566 2.07118845707
567 2.07118845707
568 2.07118845707
569 2.07118845707
570 2.07118845707
579 2.07118845707
239 2.08195905863
353 2.08616832896
259 2.08650179958
272 2.08706931555
377 2.08706931555
273 2.09417001026
290 2.09554644695
323 2.09722639464
324 2.09722639464
589 2.10285538497
599 2.10285538497
613 2.10285538497
615 2.10285538497
633 2.11036740391
600 2.15581897515
257 2.15726926847
279 2.15873757958
352 2.17374454695
506 2.19577449859
519 2.19577449859
484 2.28249881558
571 2.28249881558
573 2.28249881558
212 2.2893207622
294 2.2893207622
337 2.2893207622
355 2.2893207622
557 2.29638285842
474 2.29750177592
572 2.29750177592
1 2.31996818078
335 2.39218167205
550 2.40490089009
553 2.40490089009
546 2.41863982426
548 2.41863982426
575 2.41863982426
576 2.41863982426
577 2.41863982426
395 2.49174923786
578 2.49745542173
427 2.50132685166
419 2.50224407274
420 2.50224407274
538 2.50304961001
483 2.58945963366
649 2.59132944216
574 2.61787639646
584 2.61840173444
585 2.61840173444
592 2.62448478452
535 2.63732233411
542 2.65413263732
269 2.66955272854
428 2.71121971681
529 2.72201040936
455 2.80025540995
480 2.80025540995
539 2.8305709682
541 2.8305709682
650 2.83395766139
544 2.87819095509
534 2.90540792415
537 2.93110441708
530 3.08777887291
543 3.09736680409
536 3.22280657164
533 3.78000542944
540 3.78442594089
531 4.39681630469

