170 4.40681935001
163 4.40681935001
138 4.40681935001
134 4.40681935001
130 4.40681935001
113 4.40681935001
112 4.40681935001
111 4.40681935001
110 4.40681935001
109 4.40681935001
98 4.40681935001
97 4.40681935001
96 4.40681935001
86 4.40681935001
85 4.40681935001
84 4.40681935001
83 4.40681935001
81 4.40681935001
73 4.40681935001
56 4.40681935001
47 4.40681935001
44 4.40681935001
36 4.40681935001
35 4.40681935001
21 4.40681935001
19 4.40681935001
18 4.40681935001
17 4.40681935001
16 4.40681935001
15 4.40681935001
14 4.40681935001
13 4.40681935001
12 4.40681935001
11 4.40681935001
10 4.40681935001
9 4.40681935001
8 4.40681935001
7 4.40681935001
6 4.40681935001
5 4.40681935001
4 4.40681935001
3 4.40681935001
2 4.40681935001
1 4.40681935001
175 4.14583908674
172 4.14583908674
171 4.14583908674
167 4.14583908674
166 4.14583908674
152 4.14583908674
151 4.14583908674
150 4.14583908674
149 4.14583908674
148 4.14583908674
147 4.14583908674
142 4.14583908674
141 4.14583908674
140 4.14583908674
135 4.14583908674
133 4.14583908674
132 4.14583908674
129 4.14583908674
125 4.14583908674
120 4.14583908674
118 4.14583908674
115 4.14583908674
68 4.14583908674
67 4.14583908674
55 4.14583908674
49 4.14583908674
42 4.14583908674
34 4.14583908674
27 4.14583908674
26 4.14583908674
186 4.13386317916
183 4.13386317916
182 4.13386317916
181 4.13386317916
180 4.13386317916
179 4.13386317916
178 4.13386317916
177 4.13386317916
176 4.13386317916
169 4.13386317916
161 4.13386317916
159 4.13386317916
158 4.13386317916
119 4.13386317916
122 4.12750376416
116 4.12750376416
75 4.12750376416
74 4.12750376416
71 4.12750376416
51 4.12750376416
50 4.12750376416
45 4.12750376416
43 4.12750376416
41 4.12750376416
40 4.12750376416
39 4.12750376416
38 4.12750376416
37 4.12750376416
23 4.09118673318
22 4.09118673318
20 4.08613675895
185 3.85897645617
184 3.85897645617
168 3.84212693317
160 3.82918952922
117 3.82853783
32 3.82237958777
164 3.7812052954
156 3.62911909243
123 3.62911909243
66 3.62911909243
65 3.62911909243
64 3.62911909243
63 3.62911909243
62 3.62911909243
61 3.62911909243
60 3.62911909243
139 3.62588959968
72 3.62588959968
48 3.62588959968
31 3.62588959968
30 3.62588959968
29 3.62588959968
28 3.62588959968
25 3.62588959968
24 3.62588959968
155 3.53607359862
173 3.51659843001
127 3.45571614856
108 3.45571614856
106 3.45571614856
105 3.45571614856
103 3.45571614856
102 3.45571614856
95 3.45571614856
93 3.45571614856
91 3.45571614856
90 3.45571614856
88 3.45571614856
87 3.45571614856
114 3.42351544401
131 3.36394469194
70 3.3579598897
69 3.3579598897
59 3.32625986216
33 3.32277913567
46 3.32271329014
174 3.32135559307
136 3.26911722378
58 3.26911722378
57 3.26911722378
53 3.26911722378
52 3.26911722378
154 3.25374852889
54 3.25118413989
137 3.25118413989
146 3.24661488679
100 3.1572574979
107 3.15711853249
101 3.15426927659
99 3.15426927659
94 3.15146497305
143 3.03666287337
145 3.02225089228
144 3.02225089228
80 3.01179252766
79 3.01179252766
78 3.01179252766
77 3.01179252766
76 3.01179252766
153 2.97450322874
126 2.97450322874
121 2.97450322874
89 2.88818734388
92 2.82270183981
157 2.73467605609
165 2.72274367002
104 2.71472253434
128 2.64511836854
82 2.52699800784
124 2.44729133524
162 2.438678967

