138 0.00518683580697
134 0.00518683580697
130 0.00518683580697
98 0.00518683580697
56 0.00518683580697
47 0.00518683580697
44 0.00518683580697
36 0.00518683580697
35 0.00518683580697
21 0.00518683580697
19 0.00518683580697
18 0.00518683580697
17 0.00518683580697
16 0.00518683580697
15 0.00518683580697
14 0.00518683580697
13 0.00518683580697
12 0.00518683580697
11 0.00518683580697
10 0.00518683580697
170 0.00518683580697
163 0.00518683580697
97 0.00518683580697
96 0.00518683580697
84 0.00518683580697
83 0.00518683580697
73 0.00518683580697
9 0.00518683580697
8 0.00518683580697
7 0.00518683580697
6 0.00518683580697
5 0.00518683580697
4 0.00518683580697
3 0.00518683580697
2 0.00518683580697
0 0.00518683580697
86 0.00518683580697
85 0.00518683580697
81 0.00518683580697
1 0.00518683580697
112 0.00518683580697
113 0.00518683580697
111 0.00518683580697
110 0.00518683580697
109 0.00518683580697
175 0.0050562370708
172 0.0050562370708
171 0.0050562370708
149 0.0050562370708
148 0.0050562370708
147 0.0050562370708
142 0.0050562370708
141 0.0050562370708
140 0.0050562370708
135 0.0050562370708
133 0.0050562370708
132 0.0050562370708
129 0.0050562370708
125 0.0050562370708
120 0.0050562370708
118 0.0050562370708
115 0.0050562370708
68 0.0050562370708
67 0.0050562370708
55 0.0050562370708
49 0.0050562370708
42 0.0050562370708
34 0.0050562370708
27 0.0050562370708
26 0.0050562370708
167 0.0050562370708
166 0.0050562370708
152 0.0050562370708
151 0.0050562370708
150 0.0050562370708
183 0.00488184692956
182 0.00488184692956
186 0.00488184692956
180 0.00488184692956
181 0.00488184692956
169 0.00488184692956
161 0.00488184692956
159 0.00488184692956
158 0.00488184692956
179 0.00488184692956
119 0.00488184692956
178 0.00488184692956
177 0.00488184692956
176 0.00488184692956
116 0.0048708531062
122 0.0048708531062
51 0.0048708531062
50 0.0048708531062
45 0.0048708531062
43 0.0048708531062
41 0.0048708531062
40 0.0048708531062
39 0.0048708531062
38 0.0048708531062
37 0.0048708531062
75 0.0048708531062
74 0.0048708531062
71 0.0048708531062
23 0.00480900512662
22 0.00480900512662
20 0.00480035661731
168 0.00468072449627
32 0.00465963660102
185 0.00456921107879
184 0.00456921107879
160 0.00451848018167
117 0.00451757999081
29 0.00448539831644
28 0.00448539831644
139 0.00448539831644
72 0.00448539831644
48 0.00448539831644
31 0.00448539831644
30 0.00448539831644
25 0.00448539831644
24 0.00448539831644
156 0.00447746009432
123 0.00447746009432
66 0.00447746009432
65 0.00447746009432
64 0.00447746009432
63 0.00447746009432
62 0.00447746009432
61 0.00447746009432
60 0.00447746009432
164 0.00443619365903
155 0.00431367175916
173 0.00429277511007
70 0.00416889515264
69 0.00416889515264
46 0.00412264065224
33 0.00412251203463
174 0.00412014784463
59 0.00411494242494
108 0.00405533977184
106 0.00405533977184
95 0.00405533977184
93 0.00405533977184
91 0.00405533977184
90 0.00405533977184
127 0.00405533977184
105 0.00405533977184
103 0.00405533977184
102 0.00405533977184
88 0.00405533977184
87 0.00405533977184
136 0.0040290664786
58 0.0040290664786
57 0.0040290664786
53 0.0040290664786
52 0.0040290664786
114 0.0040252294366
137 0.00399706680544
54 0.00399706680544
146 0.00398821188333
154 0.00395846138233
143 0.00377511603424
145 0.00376369482345
144 0.00376369482345
80 0.00374622330858
79 0.00374622330858
78 0.00374622330858
77 0.00374622330858
76 0.00374622330858
100 0.00369944581787
107 0.00369941610655
101 0.00369458407086
99 0.00369458407086
94 0.00368951794819
153 0.00368061465245
126 0.00368061465245
121 0.00368061465245
131 0.00354631572985
92 0.00345803734807
157 0.00339879044593
165 0.00339236606628
89 0.00337809986299
104 0.00325725424625
128 0.00325610847352
124 0.00307684115345
82 0.00294425933632
162 0.00278809140996
