862 0.00110996359562
1206 0.00110868969087
975 0.0010776670895
1160 0.00107587271901
1027 0.00107477489217
842 0.00107047873594
1230 0.0010333206225
1229 0.0010333206225
1187 0.00102459712138
1228 0.00102176640536
1139 0.00102047448392
389 0.00101344640402
150 0.00101235193937
1234 0.0010119662191
335 0.0010113571441
171 0.0010081158359
348 0.00100763792741
1054 0.00100622730126
1244 0.00100383746129
850 0.00100368297173
563 0.00100041467699
536 0.000995558761119
100 0.000981450299482
1186 0.000979425861601
664 0.000978307371017
595 0.000978043184227
1095 0.000975665298079
1080 0.00097304042046
1132 0.000972895217167
1146 0.000972278087506
453 0.000971912104469
1254 0.000967334796177
790 0.000966967441809
145 0.000965368496641
144 0.000965368496641
143 0.000965368496641
1197 0.00096078945468
1038 0.000960250453318
822 0.000959136618783
588 0.000957827382008
1107 0.000952211487477
1106 0.000952211487477
788 0.000950013709952
534 0.000948107853926
517 0.000948107853926
596 0.000945947901788
531 0.000940345797269
1121 0.000938247987546
393 0.000936931333822
1084 0.000936831708783
900 0.00093666427804
540 0.000936393088874
638 0.000935287446506
1176 0.000935181293759
322 0.000932765927858
606 0.000932508628963
672 0.000931866652071
669 0.000931268466941
668 0.000931268466941
667 0.000931268466941
663 0.000931268466941
670 0.000931268466941
662 0.000931268466941
273 0.000928590692431
1171 0.000928330067986
316 0.000928316791716
1058 0.000927736564938
1177 0.000927451451745
1098 0.000927142919096
1101 0.000927142919096
1103 0.000927142919096
1102 0.000927142919096
1117 0.000927069734934
295 0.000919193779214
294 0.000919193779214
267 0.000919193779214
786 0.000918197965846
370 0.000918146217009
353 0.000918146217009
352 0.000918146217009
346 0.000918146217009
269 0.000918146217009
268 0.000918146217009
271 0.000918146217009
270 0.000918146217009
567 0.000915936413408
947 0.000915880210554
869 0.000915379079478
86 0.000910167206415
551 0.000909073834127
650 0.000908647585438
1249 0.000907641782218
694 0.000906765230101
908 0.000906534446756
13 0.000905896948946
556 0.000903969214559
1012 0.000903793844672
1227 0.000902494930493
63 0.000900374113051
191 0.000898703334513
328 0.000898616934098
579 0.000897420769577
582 0.000897420769577
693 0.000896348358731
283 0.000893946007446
882 0.000893762543225
782 0.000892981677086
784 0.000892370224733
122 0.000892118412031
367 0.000891487208712
897 0.000891109305699
717 0.000889926573126
33 0.000889623178658
603 0.00088876348596
778 0.00088852373901
686 0.000885942625132
281 0.000884211225015
1000 0.000883278601545
746 0.000883215983095
899 0.000881688520512
1147 0.000881574022711
1148 0.000881574022711
1153 0.000881260905021
1079 0.000880793498589
1181 0.000879737076044
1083 0.000879592612243
1077 0.000879569971929
573 0.000878408109211
841 0.000878149214984
1173 0.000877087859505
1169 0.000877087859505
1034 0.000877087859505
965 0.000877087859505
392 0.000877087859505
293 0.000877087859505
248 0.000877087859505
265 0.000877087859505
263 0.000877087859505
227 0.000877087859505
224 0.000877087859505
562 0.000877087859505
700 0.000877087859505
216 0.000877087859505
377 0.000877087859505
371 0.000877087859505
306 0.000877087859505
974 0.000877087859505
449 0.000877087859505
239 0.000877087859505
232 0.000877087859505
230 0.000877087859505
350 0.000874315288466
354 0.000872865357688
345 0.000872813032076
327 0.000872214797609
343 0.000871590472666
811 0.000871426989332
1164 0.000869992132131
891 0.00086767667705
201 0.000865769422135
1253 0.000865365408945
583 0.000865365408945
581 0.000865365408945
597 0.000865365408945
339 0.000864683467843
331 0.000864683467843
330 0.000864683467843
198 0.000864683467843
674 0.000864683467843
303 0.000864683467843
286 0.000864683467843
284 0.000864683467843
274 0.000864683467843
231 0.000864683467843
218 0.000864683467843
202 0.000864683467843
634 0.000864683467843
375 0.000864683467843
319 0.000864683467843
300 0.000864683467843
279 0.000864683467843
207 0.000864683467843
204 0.000864683467843
203 0.000864683467843
200 0.000864683467843
181 0.000864683467843
180 0.000864683467843
1137 0.000864683467843
462 0.000864683467843
391 0.000864683467843
340 0.000864683467843
326 0.000864683467843
323 0.000864683467843
321 0.000864683467843
292 0.000864683467843
249 0.000864683467843
243 0.000864683467843
215 0.000864683467843
214 0.000864683467843
213 0.000864683467843
210 0.000864683467843
209 0.000864683467843
199 0.000864683467843
197 0.000864683467843
195 0.000864683467843
193 0.000864683467843
190 0.000864683467843
187 0.000864683467843
501 0.000864683467843
486 0.000864683467843
256 0.000864683467843
255 0.000864683467843
185 0.000864683467843
184 0.000864683467843
387 0.000864683467843
362 0.000864683467843
229 0.000864683467843
223 0.000864683467843
222 0.000864683467843
188 0.000864683467843
179 0.000864683467843
177 0.000864683467843
176 0.000864683467843
175 0.000864683467843
823 0.000864478727516
808 0.000863491237416
816 0.000861581170459
544 0.000860020535348
228 0.00085974964292
278 0.000856133592137
173 0.000855310139202
226 0.000855310139202
186 0.000855310139202
182 0.000855310139202
1076 0.000855306196067
658 0.000855166373411
917 0.000853627282343
922 0.000853627282343
1046 0.000851764021617
1005 0.000851132389754
351 0.000849629559442
206 0.000848421981017
691 0.000846484780975
1248 0.00084588248068
344 0.000845130061365
960 0.000845100038382
601 0.000843830197564
649 0.000839437323139
261 0.00083666610158
636 0.000835040539851
802 0.000834784737315
598 0.00083377642623
1232 0.000833127612373
1196 0.000833127612373
178 0.000831810398548
1252 0.000831098469681
480 0.000829780429047
1140 0.000828991597264
448 0.00082881482397
160 0.000828751539461
1263 0.000828178479138
358 0.000826385265416
139 0.00082494894679
394 0.000821119770051
1085 0.000819595499323
933 0.000819595499323
932 0.000819595499323
919 0.000819595499323
918 0.000819595499323
909 0.000819595499323
985 0.000819595499323
984 0.000819595499323
983 0.000819595499323
1136 0.000819595499323
1065 0.000819595499323
1029 0.000819595499323
994 0.000819595499323
948 0.000819595499323
942 0.000819595499323
941 0.000819595499323
940 0.000819595499323
939 0.000819595499323
937 0.000819595499323
935 0.000819595499323
931 0.000819595499323
930 0.000819595499323
913 0.000819595499323
906 0.000819595499323
905 0.000819595499323
904 0.000819595499323
903 0.000819595499323
946 0.000819595499323
945 0.000819595499323
907 0.000819595499323
1128 0.000819595499323
938 0.000819595499323
990 0.000819595499323
969 0.000819595499323
963 0.000819595499323
1078 0.000819595499323
1035 0.000819595499323
1030 0.000819595499323
982 0.000819595499323
958 0.000819595499323
957 0.000819595499323
951 0.000819595499323
949 0.000819595499323
943 0.000819595499323
926 0.000819595499323
925 0.000819595499323
924 0.000819595499323
923 0.000819595499323
921 0.000819595499323
915 0.000819595499323
911 0.000819595499323
981 0.000819595499323
732 0.000817848983608
821 0.000812816488545
777 0.000811785136825
706 0.000810673122803
914 0.000809864275194
902 0.000809864275194
999 0.000809864275194
927 0.000809864275194
1045 0.000808368670106
785 0.000807478243561
1156 0.000805943636193
304 0.000805449366682
637 0.000805052676267
959 0.000805033160754
1217 0.000804090989079
90 0.000803670830757
61 0.000803642934305
428 0.000802467915907
714 0.000801739702714
1055 0.000800047874943
763 0.000798886855614
771 0.000798844642048
770 0.000798844642048
390 0.000798699622074
768 0.000798565181783
766 0.000798565181783
767 0.000798565181783
764 0.000798565181783
744 0.000798135034349
1142 0.000798089829922
885 0.000798089829922
889 0.000798089829922
1025 0.000797627303191
769 0.000797367383268
783 0.000795510461427
549 0.000793020612492
653 0.000791800112603
652 0.000791800112603
654 0.000791800112603
651 0.000791800112603
8 0.000791457640872
341 0.000790687464937
379 0.000790500174607
91 0.000790500174607
238 0.000790500174607
83 0.000790500174607
384 0.000790500174607
757 0.000790122163748
673 0.000789929655485
336 0.000789709870446
257 0.000789399782329
690 0.000787182449441
553 0.000787168560976
836 0.00078685313678
1031 0.00078685313678
1183 0.000785790432726
1016 0.000785727813702
1049 0.000785553723062
1050 0.000785553723062
1262 0.000784843459527
464 0.000783223830787
498 0.000783223830787
497 0.000783223830787
1082 0.00078236258456
1174 0.000781507737017
753 0.000780794981509
755 0.000780369084046
754 0.000780369084046
752 0.000780369084046
750 0.000780369084046
749 0.000780369084046
258 0.000778958876564
166 0.000778860995391
338 0.000778450676493
639 0.00077786879553
365 0.000777691894542
355 0.000777691894542
329 0.000777691894542
212 0.000777691894542
298 0.000777691894542
447 0.000777691894542
374 0.000777691894542
372 0.000777691894542
342 0.000777691894542
285 0.000777691894542
97 0.000777691894542
337 0.000777691894542
334 0.000777691894542
314 0.000777691894542
272 0.000777691894542
235 0.000777691894542
170 0.000777691894542
84 0.000777691894542
73 0.000777691894542
76 0.000777691894542
196 0.000776616332186
1074 0.000775954224732
1032 0.000775954224732
992 0.000775954224732
972 0.000775954224732
868 0.000775954224732
855 0.000775954224732
968 0.000775954224732
1191 0.000775954224732
978 0.000775954224732
936 0.000775954224732
912 0.000775954224732
858 0.000775954224732
854 0.000775954224732
843 0.000775954224732
829 0.000775954224732
1204 0.000775954224732
1061 0.000775954224732
966 0.000775954224732
910 0.000775954224732
844 0.000775954224732
832 0.000775954224732
847 0.000775954224732
726 0.000774340138032
131 0.000773374188674
837 0.000772932911653
698 0.000771635780364
419 0.000770512669925
560 0.00076635590779
879 0.000764375212664
877 0.000764375212664
876 0.000764375212664
875 0.000764375212664
878 0.000764375212664
1241 0.000762647762799
382 0.000761748776318
126 0.000761128882721
123 0.000761128882721
697 0.000760385309751
388 0.000760322262789
845 0.000760111239332
742 0.000757333550507
761 0.000757333550507
991 0.000754932504952
1039 0.000754932504952
916 0.000754932504952
395 0.000754123235221
429 0.000754048583812
493 0.000753532002293
1231 0.000752519565559
934 0.000752519565559
1097 0.000752519565559
977 0.000752519565559
954 0.000752519565559
950 0.000752519565559
929 0.000752519565559
149 0.000752123676067
719 0.000750841207441
779 0.000750444325877
776 0.000750444325877
775 0.000750444325877
774 0.000750444325877
773 0.000750444325877
772 0.000750444325877
762 0.000750444325877
1257 0.000749845329421
1256 0.000749845329421
1003 0.000749845329421
998 0.000749845329421
997 0.000749845329421
1260 0.000749845329421
1259 0.000749845329421
1264 0.000749845329421
1261 0.000749845329421
1258 0.000749845329421
1042 0.000749845329421
1040 0.000749845329421
1255 0.000749845329421
1057 0.000749845329421
35 0.000749726619367
24 0.000749726619367
727 0.000749281844808
765 0.000748856334478
183 0.000748856334478
290 0.000748856334478
105 0.000748856334478
747 0.000748794832044
39 0.000748386741111
42 0.000748386741111
101 0.000748386741111
724 0.000747676383015
787 0.000747676383015
743 0.000747348131578
359 0.000745878343042
241 0.000745878343042
240 0.000745878343042
247 0.000745878343042
260 0.000745878343042
302 0.000745878343042
315 0.000745878343042
254 0.000745878343042
253 0.000745878343042
252 0.000745878343042
250 0.000745878343042
237 0.000745878343042
282 0.000745878343042
989 0.000745469259492
671 0.000744855624563
635 0.00074336436753
386 0.000741504446662
130 0.000741079281258
385 0.000741021011295
361 0.000740691604747
617 0.000740318692784
725 0.000740318692784
628 0.000740318692784
920 0.000740182212213
973 0.0007391208598
572 0.000738934009325
98 0.000738642136472
857 0.000738454753634
1245 0.000737909945691
1127 0.000737076901312
1119 0.000737076901312
1114 0.000737076901312
1112 0.000737076901312
1024 0.000737076901312
995 0.000737076901312
1109 0.000737076901312
1105 0.000737076901312
1104 0.000737076901312
1086 0.000737076901312
987 0.000737076901312
1250 0.000737076901311
1135 0.000737076901311
1131 0.000737076901311
1073 0.000737076901311
993 0.000737076901311
233 0.000736867808375
251 0.000736867808375
242 0.000736867808375
1056 0.000736402446916
803 0.000735735238174
1096 0.000734168502035
867 0.000734168502035
479 0.000733931994285
1067 0.00073305198645
751 0.000732631114566
748 0.000732631114566
740 0.000732631114566
870 0.000732540856995
988 0.000732540856995
1041 0.000732540856995
211 0.000730798517815
838 0.000730281275828
69 0.000729891263165
104 0.000729457897287
611 0.00072872663602
610 0.000728228698262
172 0.00072777299882
317 0.00072777299882
313 0.00072777299882
138 0.00072777299882
70 0.00072777299882
488 0.00072777299882
347 0.00072777299882
264 0.00072777299882
165 0.00072777299882
236 0.00072777299882
169 0.00072777299882
89 0.00072777299882
88 0.00072777299882
65 0.00072777299882
276 0.00072777299882
95 0.00072777299882
310 0.00072777299882
159 0.00072777299882
96 0.00072777299882
299 0.00072777299882
117 0.00072777299882
246 0.00072777299882
426 0.00072777299882
320 0.00072777299882
311 0.000727140135659
289 0.000727140135659
189 0.000727140135659
468 0.000726325991622
325 0.000724866430268
416 0.000724613980277
1026 0.000723749584631
979 0.000722622785591
976 0.000722622785591
971 0.000722622785591
970 0.000722622785591
1021 0.000720612736815
720 0.000718962921417
431 0.00071817719971
60 0.000714892809987
78 0.000714892809987
75 0.000714892809987
87 0.000714892809987
85 0.000714892809987
82 0.000714892809987
81 0.000714892809987
80 0.000714892809987
72 0.000714892809987
633 0.000714892809987
411 0.000714892809987
99 0.000714892809987
92 0.000714892809987
59 0.000714892809987
275 0.000714892809987
151 0.000714892809987
68 0.000714892809987
62 0.000714892809987
58 0.000714892809987
57 0.000714892809987
49 0.000714892809987
34 0.000714892809987
32 0.000714892809987
31 0.000714892809987
5 0.000714892809987
3 0.000714892809987
2 0.000714892809987
1 0.000714892809987
28 0.000714892809987
27 0.000714892809987
26 0.000714892809987
25 0.000714892809987
23 0.000714892809987
21 0.000714892809987
10 0.000714892809987
9 0.000714892809987
7 0.000714892809987
6 0.000714892809987
4 0.000714892809987
291 0.000714892809987
20 0.000714892809987
245 0.000714892809987
244 0.000714892809987
66 0.000714892809987
22 0.000714892809987
103 0.000714892809987
102 0.000714892809987
19 0.000714892809987
16 0.000714892809987
15 0.000714892809987
14 0.000714892809987
12 0.000714892809987
11 0.000714892809987
296 0.000714756318851
745 0.000714626163358
856 0.000714626163358
729 0.000714626163358
381 0.000714470615179
262 0.000714470615179
221 0.000714470615179
220 0.000714470615179
135 0.000714470615179
134 0.000714470615179
133 0.000714470615179
164 0.000714470615179
163 0.000714470615179
162 0.000714470615179
305 0.000714470615179
301 0.000714470615179
259 0.000714470615179
174 0.000714470615179
234 0.000714470615179
1090 0.000714470615179
756 0.000714470615179
280 0.000714470615179
155 0.000714470615179
152 0.000714470615179
127 0.000714470615179
121 0.000714470615179
120 0.000714470615179
208 0.000714470615179
116 0.000714470615179
115 0.000714470615179
114 0.000714470615179
113 0.000714470615179
112 0.000714470615179
111 0.000714470615179
110 0.000714470615179
119 0.000714470615179
118 0.000714470615179
373 0.000714470615179
194 0.000714470615179
192 0.000714470615179
147 0.000714470615179
146 0.000714470615179
140 0.000714470615179
124 0.000714470615179
109 0.000714470615179
107 0.000714470615179
205 0.000714470615179
1053 0.000713689732724
308 0.000712608388961
851 0.000711709623329
1195 0.000711637847983
874 0.00071122261075
873 0.00071122261075
872 0.00071122261075
1014 0.00071122261075
944 0.000710229276038
1111 0.00070997425645
1020 0.00070997425645
1247 0.00070997425645
830 0.00070997425645
1008 0.00070997425645
817 0.00070997425645
996 0.00070916036367
1033 0.000708571712485
369 0.000708400011453
542 0.000708297950892
1221 0.000708129671785
1006 0.000708129671785
309 0.000707168014025
593 0.000706697367149
0 0.000706082829319
64 0.000706082829319
718 0.000703363158632
716 0.000703363158632
715 0.000703363158632
713 0.000703363158632
712 0.000703363158632
710 0.000703363158632
708 0.000703363158632
723 0.000703363158632
722 0.000703363158632
789 0.000703363158632
780 0.000703363158632
760 0.000703363158632
739 0.000703363158632
738 0.000703363158632
737 0.000703363158632
733 0.000703363158632
709 0.000703363158632
704 0.000703363158632
703 0.000703363158632
758 0.000703363158632
707 0.000703363158632
702 0.000703363158632
741 0.000703363158632
735 0.000703363158632
600 0.000702795826222
376 0.000702482349828
157 0.000702482349828
156 0.000702482349828
154 0.000702482349828
153 0.000702482349828
125 0.000702482349828
94 0.000702482349828
93 0.000702482349828
67 0.000702482349828
53 0.000702482349828
52 0.000702482349828
51 0.000702482349828
45 0.000702482349828
43 0.000702482349828
18 0.000702482349828
37 0.000702482349828
30 0.000702482349828
38 0.000702482349828
36 0.000702482349828
48 0.000702482349828
47 0.000702482349828
46 0.000702482349828
44 0.000702482349828
41 0.000702482349828
40 0.000702482349828
366 0.000702482349828
225 0.000702482349828
168 0.000702482349828
29 0.000702482349828
861 0.000702482349828
1226 0.000702482349828
1225 0.000702482349828
1224 0.000702482349828
1134 0.000702482349828
378 0.000702482349828
357 0.000702482349828
356 0.000702482349828
217 0.000702482349828
142 0.000702482349828
106 0.000702482349828
79 0.000702482349828
55 0.000702482349828
54 0.000702482349828
50 0.000702482349828
17 0.000702482349828
626 0.000702482349828
56 0.000702482349828
436 0.000702482349828
349 0.000702482349828
901 0.000699551935832
1166 0.000699551935832
1144 0.000699551935832
887 0.000699551935832
884 0.000699551935832
883 0.000699551935832
849 0.000699551935832
1162 0.000699551935832
1161 0.000699551935832
964 0.000699551935832
888 0.000699551935832
886 0.000699551935832
881 0.000699551935832
1159 0.000699551935832
1124 0.000699551935832
1116 0.000699551935832
1093 0.000699551935832
1059 0.000699551935832
1193 0.000699551935832
898 0.000699551935832
1266 0.000699551935832
680 0.000696987816668
641 0.000696987816668
681 0.000696987816668
550 0.000696987816668
666 0.000696987816668
660 0.000696987816668
510 0.000695442903944
577 0.000694904609326
578 0.000693843730388
1091 0.00069095301716
820 0.000686713970137
1113 0.000686582271177
1088 0.000686582271177
1047 0.000686582271177
1044 0.000686582271177
896 0.000686582271177
800 0.000686582271177
1168 0.000686582271177
1151 0.000686582271177
1125 0.000686582271177
1265 0.000686582271177
812 0.000686582271177
1251 0.000686582271177
1115 0.000686582271177
1110 0.000686582271177
860 0.000686582271177
1036 0.000686582271177
848 0.000686582271177
1178 0.000686582271177
1138 0.000686582271177
1133 0.000686582271177
1130 0.000686582271177
880 0.000686582271177
1099 0.000686582271177
1071 0.000686582271177
1001 0.000686582271177
928 0.000686582271177
892 0.000686582271177
890 0.000686582271177
834 0.000686582271177
815 0.000686582271177
814 0.000686582271177
813 0.000686582271177
1092 0.000686582271177
1062 0.000686582271177
1060 0.000686582271177
736 0.000685859784749
333 0.000682494343405
332 0.000682494343405
277 0.000682494343405
158 0.000682494343405
129 0.000682494343405
128 0.000682494343405
288 0.000682494343405
287 0.000682494343405
307 0.000682494343405
364 0.000682494343405
363 0.000682494343405
360 0.000682494343405
368 0.000682494343405
161 0.000682494343405
324 0.000682494343405
167 0.000682494343405
148 0.000682494343405
141 0.000682494343405
108 0.000682494343405
77 0.000682494343405
74 0.000682494343405
71 0.000682494343405
132 0.000682494343405
137 0.000682494343405
136 0.000682494343405
219 0.000682494343405
711 0.00068218358733
297 0.000682042298581
266 0.000682042298581
398 0.000681236833822
427 0.000681168999515
423 0.000681168999515
422 0.000681168999515
459 0.000681168999515
500 0.000681168999515
485 0.000681168999515
430 0.000681168999515
383 0.000681168999515
473 0.000681168999515
433 0.000681168999515
408 0.000681168999515
491 0.000681168999515
445 0.000681168999515
441 0.000681168999515
440 0.000681168999515
1150 0.000678363281177
759 0.000678363281177
955 0.000676306023594
864 0.000675212064754
675 0.000674725442681
607 0.000673011132345
631 0.000673011132345
701 0.000673011132345
566 0.000673011132345
616 0.000673011132345
559 0.00067140124377
584 0.000671296244597
728 0.000670172559309
721 0.000670172559309
688 0.000670172559309
613 0.000670108252218
986 0.000670108252218
643 0.000669920589586
507 0.000668319199483
466 0.000668319199483
439 0.000668319199483
543 0.000668319199483
474 0.000668319199483
682 0.000668319199483
404 0.000668319199483
953 0.000664867425059
548 0.00066392782586
554 0.000662278466971
552 0.000662278466971
679 0.000662278466971
665 0.000662278466971
627 0.000662278466971
621 0.000662278466971
570 0.000662278466971
545 0.000662278466971
528 0.000662278466971
696 0.000662278466971
615 0.000662278466971
687 0.000662278466971
642 0.000662278466971
591 0.000662278466971
521 0.000662278466971
526 0.000662278466971
1222 0.000661526630902
1190 0.000661526630902
1172 0.000661526630902
1126 0.000661526630902
1094 0.000661526630902
1075 0.000661526630902
1072 0.000661526630902
962 0.000661526630902
961 0.000661526630902
956 0.000661526630902
952 0.000661526630902
1002 0.000661526630902
1009 0.000661526630902
1239 0.000661526630902
853 0.000661526630902
1167 0.000661526630902
1145 0.000661526630902
1143 0.000661526630902
1141 0.000661526630902
1100 0.000661526630902
1007 0.000661526630902
1004 0.000661526630902
1237 0.000661526630902
1236 0.000661526630902
1219 0.000661526630902
1218 0.000661526630902
1216 0.000661526630902
1215 0.000661526630902
1214 0.000661526630902
1213 0.000661526630902
1212 0.000661526630902
1211 0.000661526630902
1210 0.000661526630902
1179 0.000661526630902
1170 0.000661526630902
1108 0.000661526630902
1087 0.000661526630902
1068 0.000661526630902
1066 0.000661526630902
1064 0.000661526630902
1022 0.000661526630902
839 0.000661526630902
1246 0.000661526630902
1240 0.000661526630902
1199 0.000661526630902
1188 0.000661526630902
1063 0.000661526630902
1028 0.000661526630902
863 0.000661526630902
1238 0.000661526630902
1235 0.000661526630902
1233 0.000661526630902
1209 0.000661526630902
1208 0.000661526630902
1205 0.000661526630902
1203 0.000661526630902
1202 0.000661526630902
1201 0.000661526630902
1200 0.000661526630902
1189 0.000661526630902
1185 0.000661526630902
1184 0.000661526630902
1182 0.000661526630902
1175 0.000661526630902
1165 0.000661526630902
1163 0.000661526630902
1158 0.000661526630902
1157 0.000661526630902
1155 0.000661526630902
1154 0.000661526630902
1152 0.000661526630902
1129 0.000661526630902
1123 0.000661526630902
1122 0.000661526630902
1120 0.000661526630902
1118 0.000661526630902
1089 0.000661526630902
1081 0.000661526630902
1052 0.000661526630902
1051 0.000661526630902
1048 0.000661526630902
1043 0.000661526630902
1023 0.000661526630902
1019 0.000661526630902
1018 0.000661526630902
1017 0.000661526630902
1015 0.000661526630902
1013 0.000661526630902
1011 0.000661526630902
1010 0.000661526630902
895 0.000661526630902
871 0.000661526630902
1243 0.000661526630902
1242 0.000661526630902
1220 0.000661526630902
1037 0.000661526630902
866 0.000661526630902
1194 0.000661526630902
1192 0.000661526630902
980 0.000661526630902
846 0.000661526630902
1198 0.000661526630902
318 0.000661316768389
312 0.000660155195217
580 0.000657574070952
657 0.000657574070952
731 0.000657574070952
659 0.000657574070952
619 0.000657574070952
734 0.000656873305149
692 0.000656873305149
1180 0.000656873305149
1070 0.000653872455699
1223 0.000653872455699
894 0.000653040881695
819 0.000653040881695
833 0.000653040881695
852 0.000653040881695
818 0.000653040881695
807 0.000653040881695
828 0.000653040881695
824 0.000653040881695
1149 0.000653040881695
835 0.000653040881695
810 0.000653040881695
809 0.000653040881695
967 0.000653040881695
840 0.000653040881695
831 0.000653040881695
826 0.000653040881695
806 0.000653040881695
805 0.000653040881695
804 0.000653040881695
801 0.000653040881695
799 0.000653040881695
798 0.000653040881695
797 0.000653040881695
796 0.000653040881695
795 0.000653040881695
794 0.000653040881695
793 0.000653040881695
792 0.000653040881695
825 0.000653040881695
604 0.00064970882864
699 0.000648286838391
730 0.000648286838391
689 0.000648286838391
685 0.000648286838391
684 0.000648286838391
827 0.000647951372642
791 0.000647951372642
865 0.000647951372642
678 0.000647163717455
677 0.000647163717455
656 0.000647163717455
618 0.000647163717455
614 0.000647163717455
589 0.000647163717455
576 0.000647163717455
571 0.000647163717455
625 0.000647163717455
620 0.000647163717455
557 0.000647163717455
555 0.000647163717455
496 0.000647163717455
647 0.000647163717455
594 0.000647163717455
569 0.000647163717455
683 0.000647163717455
609 0.000647163717455
608 0.000647163717455
695 0.000641056473954
380 0.000639962794223
893 0.000633345272689
425 0.000631426824802
421 0.000631426824802
420 0.000631426824802
1069 0.000631426824802
661 0.000631426824802
655 0.000631426824802
622 0.000631426824802
612 0.000631426824802
587 0.000631426824802
561 0.000631426824802
558 0.000631426824802
547 0.000631426824802
546 0.000631426824802
538 0.000631426824802
537 0.000631426824802
533 0.000631426824802
532 0.000631426824802
530 0.000631426824802
520 0.000631426824802
518 0.000631426824802
506 0.000631426824802
505 0.000631426824802
489 0.000631426824802
487 0.000631426824802
484 0.000631426824802
483 0.000631426824802
482 0.000631426824802
481 0.000631426824802
476 0.000631426824802
469 0.000631426824802
467 0.000631426824802
465 0.000631426824802
463 0.000631426824802
461 0.000631426824802
460 0.000631426824802
443 0.000631426824802
438 0.000631426824802
437 0.000631426824802
435 0.000631426824802
434 0.000631426824802
504 0.000631426824802
477 0.000631426824802
475 0.000631426824802
472 0.000631426824802
471 0.000631426824802
470 0.000631426824802
452 0.000631426824802
409 0.000631426824802
407 0.000631426824802
406 0.000631426824802
405 0.000631426824802
403 0.000631426824802
402 0.000631426824802
401 0.000631426824802
400 0.000631426824802
602 0.000631426824802
586 0.000631426824802
495 0.000631426824802
492 0.000631426824802
490 0.000631426824802
457 0.000631426824802
456 0.000631426824802
451 0.000631426824802
450 0.000631426824802
1207 0.000631426824802
705 0.000631426824802
648 0.000631426824802
640 0.000631426824802
632 0.000631426824802
630 0.000631426824802
599 0.000631426824802
568 0.000631426824802
565 0.000631426824802
541 0.000631426824802
529 0.000631426824802
525 0.000631426824802
524 0.000631426824802
523 0.000631426824802
519 0.000631426824802
513 0.000631426824802
512 0.000631426824802
508 0.000631426824802
503 0.000631426824802
502 0.000631426824802
499 0.000631426824802
494 0.000631426824802
478 0.000631426824802
458 0.000631426824802
455 0.000631426824802
454 0.000631426824802
446 0.000631426824802
444 0.000631426824802
442 0.000631426824802
432 0.000631426824802
418 0.000631426824802
417 0.000631426824802
415 0.000631426824802
414 0.000631426824802
413 0.000631426824802
412 0.000631426824802
410 0.000631426824802
527 0.000631426824802
516 0.000631426824802
515 0.000631426824802
514 0.000631426824802
397 0.000631426824802
399 0.000631426824802
646 0.000624795673897
592 0.000624795673897
590 0.000624795673897
564 0.000624795673897
535 0.000624795673897
424 0.000624795673897
585 0.000624795673897
676 0.000624795673897
645 0.000624795673897
644 0.000624795673897
629 0.000624795673897
623 0.000624795673897
605 0.000624795673897
575 0.000624795673897
574 0.000624795673897
539 0.000624795673897
522 0.000624795673897
511 0.000624795673897
509 0.000624795673897
396 0.000624795673897
781 0.000624795673897
859 0.000624795673897
624 0.000605276440394
