624 2.4552948136
893 2.52961280068
396 2.56186926265
424 2.56186926265
509 2.56186926265
511 2.56186926265
522 2.56186926265
535 2.56186926265
539 2.56186926265
564 2.56186926265
574 2.56186926265
575 2.56186926265
585 2.56186926265
590 2.56186926265
592 2.56186926265
605 2.56186926265
623 2.56186926265
629 2.56186926265
644 2.56186926265
645 2.56186926265
646 2.56186926265
676 2.56186926265
781 2.56186926265
859 2.56186926265
791 2.59032683574
827 2.59032683574
865 2.59032683574
380 2.60346356015
1070 2.60933930863
1223 2.60933930863
695 2.61409045847
397 2.61957284165
399 2.61957284165
400 2.61957284165
401 2.61957284165
402 2.61957284165
403 2.61957284165
405 2.61957284165
406 2.61957284165
407 2.61957284165
409 2.61957284165
410 2.61957284165
412 2.61957284165
413 2.61957284165
414 2.61957284165
415 2.61957284165
417 2.61957284165
418 2.61957284165
420 2.61957284165
421 2.61957284165
425 2.61957284165
432 2.61957284165
434 2.61957284165
435 2.61957284165
437 2.61957284165
438 2.61957284165
442 2.61957284165
443 2.61957284165
444 2.61957284165
446 2.61957284165
450 2.61957284165
451 2.61957284165
452 2.61957284165
454 2.61957284165
455 2.61957284165
456 2.61957284165
457 2.61957284165
458 2.61957284165
460 2.61957284165
461 2.61957284165
463 2.61957284165
465 2.61957284165
467 2.61957284165
469 2.61957284165
470 2.61957284165
471 2.61957284165
472 2.61957284165
475 2.61957284165
476 2.61957284165
477 2.61957284165
478 2.61957284165
481 2.61957284165
482 2.61957284165
483 2.61957284165
484 2.61957284165
487 2.61957284165
489 2.61957284165
490 2.61957284165
492 2.61957284165
494 2.61957284165
495 2.61957284165
499 2.61957284165
502 2.61957284165
503 2.61957284165
504 2.61957284165
505 2.61957284165
506 2.61957284165
508 2.61957284165
512 2.61957284165
513 2.61957284165
514 2.61957284165
515 2.61957284165
516 2.61957284165
518 2.61957284165
519 2.61957284165
520 2.61957284165
523 2.61957284165
524 2.61957284165
525 2.61957284165
527 2.61957284165
529 2.61957284165
530 2.61957284165
532 2.61957284165
533 2.61957284165
537 2.61957284165
538 2.61957284165
541 2.61957284165
546 2.61957284165
547 2.61957284165
558 2.61957284165
561 2.61957284165
565 2.61957284165
568 2.61957284165
586 2.61957284165
587 2.61957284165
599 2.61957284165
602 2.61957284165
612 2.61957284165
622 2.61957284165
630 2.61957284165
632 2.61957284165
640 2.61957284165
648 2.61957284165
655 2.61957284165
661 2.61957284165
705 2.61957284165
1069 2.61957284165
1207 2.61957284165
792 2.64172307109
793 2.64172307109
794 2.64172307109
795 2.64172307109
796 2.64172307109
797 2.64172307109
798 2.64172307109
799 2.64172307109
801 2.64172307109
804 2.64172307109
805 2.64172307109
806 2.64172307109
807 2.64172307109
809 2.64172307109
810 2.64172307109
818 2.64172307109
819 2.64172307109
824 2.64172307109
825 2.64172307109
826 2.64172307109
828 2.64172307109
831 2.64172307109
833 2.64172307109
835 2.64172307109
840 2.64172307109
852 2.64172307109
894 2.64172307109
967 2.64172307109
1149 2.64172307109
684 2.65233579786
685 2.65233579786
689 2.65233579786
699 2.65233579786
730 2.65233579786
604 2.65774182011
496 2.67968484848
555 2.67968484848
557 2.67968484848
569 2.67968484848
571 2.67968484848
576 2.67968484848
589 2.67968484848
594 2.67968484848
608 2.67968484848
609 2.67968484848
614 2.67968484848
618 2.67968484848
620 2.67968484848
625 2.67968484848
647 2.67968484848
656 2.67968484848
677 2.67968484848
678 2.67968484848
683 2.67968484848
312 2.71086683744
318 2.71736104055
692 2.71738731737
734 2.71738731737
1180 2.71738731737
839 2.72680050509
846 2.72680050509
853 2.72680050509
863 2.72680050509
866 2.72680050509
871 2.72680050509
895 2.72680050509
952 2.72680050509
956 2.72680050509
961 2.72680050509
962 2.72680050509
980 2.72680050509
1002 2.72680050509
1004 2.72680050509
1007 2.72680050509
1009 2.72680050509
1010 2.72680050509
1011 2.72680050509
1013 2.72680050509
1015 2.72680050509
1017 2.72680050509
1018 2.72680050509
1019 2.72680050509
1022 2.72680050509
1023 2.72680050509
1028 2.72680050509
1037 2.72680050509
1043 2.72680050509
1048 2.72680050509
1051 2.72680050509
1052 2.72680050509
1063 2.72680050509
1064 2.72680050509
1066 2.72680050509
1068 2.72680050509
1072 2.72680050509
1075 2.72680050509
1081 2.72680050509
1087 2.72680050509
1089 2.72680050509
1094 2.72680050509
1100 2.72680050509
1108 2.72680050509
1118 2.72680050509
1120 2.72680050509
1122 2.72680050509
1123 2.72680050509
1126 2.72680050509
1129 2.72680050509
1141 2.72680050509
1143 2.72680050509
1145 2.72680050509
1152 2.72680050509
1154 2.72680050509
1155 2.72680050509
1157 2.72680050509
1158 2.72680050509
1163 2.72680050509
1165 2.72680050509
1167 2.72680050509
1170 2.72680050509
1172 2.72680050509
1175 2.72680050509
1179 2.72680050509
1182 2.72680050509
1184 2.72680050509
1185 2.72680050509
1188 2.72680050509
1189 2.72680050509
1190 2.72680050509
1192 2.72680050509
1194 2.72680050509
1198 2.72680050509
1199 2.72680050509
1200 2.72680050509
1201 2.72680050509
1202 2.72680050509
1203 2.72680050509
1205 2.72680050509
1208 2.72680050509
1209 2.72680050509
1210 2.72680050509
1211 2.72680050509
1212 2.72680050509
1213 2.72680050509
1214 2.72680050509
1215 2.72680050509
1216 2.72680050509
1218 2.72680050509
1219 2.72680050509
1220 2.72680050509
1222 2.72680050509
1233 2.72680050509
1235 2.72680050509
1236 2.72680050509
1237 2.72680050509
1238 2.72680050509
1239 2.72680050509
1240 2.72680050509
1242 2.72680050509
1243 2.72680050509
1246 2.72680050509
521 2.72757439804
526 2.72757439804
528 2.72757439804
545 2.72757439804
552 2.72757439804
554 2.72757439804
570 2.72757439804
591 2.72757439804
615 2.72757439804
621 2.72757439804
627 2.72757439804
642 2.72757439804
665 2.72757439804
679 2.72757439804
687 2.72757439804
696 2.72757439804
643 2.73202548567
953 2.74476040779
580 2.75169956342
619 2.75169956342
657 2.75169956342
659 2.75169956342
731 2.75169956342
548 2.75663880896
404 2.76076111188
439 2.76076111188
466 2.76076111188
474 2.76076111188
507 2.76076111188
543 2.76076111188
682 2.76076111188
613 2.76761255419
986 2.76761255419
688 2.76838891971
721 2.76838891971
728 2.76838891971
820 2.7708259424
559 2.77141574514
584 2.77223121405
711 2.78418601804
736 2.79039510912
383 2.79462421513
408 2.79462421513
422 2.79462421513
423 2.79462421513
427 2.79462421513
430 2.79462421513
433 2.79462421513
440 2.79462421513
441 2.79462421513
445 2.79462421513
459 2.79462421513
473 2.79462421513
485 2.79462421513
491 2.79462421513
500 2.79462421513
566 2.80078709804
607 2.80078709804
616 2.80078709804
631 2.80078709804
701 2.80078709804
1091 2.81161360234
864 2.8116870468
266 2.81662503727
297 2.81662503727
955 2.82079634352
71 2.82863586029
74 2.82863586029
77 2.82863586029
108 2.82863586029
128 2.82863586029
129 2.82863586029
132 2.82863586029
136 2.82863586029
137 2.82863586029
141 2.82863586029
148 2.82863586029
158 2.82863586029
161 2.82863586029
167 2.82863586029
219 2.82863586029
277 2.82863586029
287 2.82863586029
288 2.82863586029
307 2.82863586029
324 2.82863586029
332 2.82863586029
333 2.82863586029
360 2.82863586029
363 2.82863586029
364 2.82863586029
368 2.82863586029
675 2.83010894521
759 2.83139926776
1150 2.83139926776
398 2.84248003983
800 2.85539500941
812 2.85539500941
813 2.85539500941
814 2.85539500941
815 2.85539500941
834 2.85539500941
848 2.85539500941
860 2.85539500941
880 2.85539500941
890 2.85539500941
892 2.85539500941
896 2.85539500941
928 2.85539500941
1001 2.85539500941
1036 2.85539500941
1044 2.85539500941
1047 2.85539500941
1060 2.85539500941
1062 2.85539500941
1071 2.85539500941
1088 2.85539500941
1092 2.85539500941
1099 2.85539500941
1110 2.85539500941
1113 2.85539500941
1115 2.85539500941
1125 2.85539500941
1130 2.85539500941
1133 2.85539500941
1138 2.85539500941
1151 2.85539500941
1168 2.85539500941
1178 2.85539500941
1251 2.85539500941
1265 2.85539500941
578 2.89072787864
550 2.89276176072
641 2.89276176072
660 2.89276176072
666 2.89276176072
680 2.89276176072
681 2.89276176072
577 2.89362144346
600 2.89655925192
510 2.89695460108
702 2.8976022392
703 2.8976022392
704 2.8976022392
707 2.8976022392
708 2.8976022392
709 2.8976022392
710 2.8976022392
712 2.8976022392
713 2.8976022392
715 2.8976022392
716 2.8976022392
718 2.8976022392
722 2.8976022392
723 2.8976022392
733 2.8976022392
735 2.8976022392
737 2.8976022392
738 2.8976022392
739 2.8976022392
741 2.8976022392
758 2.8976022392
760 2.8976022392
780 2.8976022392
789 2.8976022392
64 2.89982264463
867 2.91369713688
1096 2.91369713688
98 2.91662658477
309 2.92332241447
17 2.9250711605
18 2.9250711605
29 2.9250711605
30 2.9250711605
36 2.9250711605
37 2.9250711605
38 2.9250711605
40 2.9250711605
41 2.9250711605
43 2.9250711605
44 2.9250711605
45 2.9250711605
46 2.9250711605
47 2.9250711605
48 2.9250711605
50 2.9250711605
51 2.9250711605
52 2.9250711605
53 2.9250711605
54 2.9250711605
55 2.9250711605
56 2.9250711605
67 2.9250711605
79 2.9250711605
93 2.9250711605
94 2.9250711605
106 2.9250711605
125 2.9250711605
142 2.9250711605
153 2.9250711605
154 2.9250711605
156 2.9250711605
157 2.9250711605
168 2.9250711605
217 2.9250711605
225 2.9250711605
349 2.9250711605
356 2.9250711605
357 2.9250711605
366 2.9250711605
376 2.9250711605
378 2.9250711605
436 2.9250711605
626 2.9250711605
861 2.9250711605
1134 2.9250711605
1224 2.9250711605
1225 2.9250711605
1226 2.9250711605
296 2.92819252502
593 2.93000858207
369 2.9300926803
542 2.93614550354
849 2.9372838617
881 2.9372838617
883 2.9372838617
884 2.9372838617
886 2.9372838617
887 2.9372838617
888 2.9372838617
898 2.9372838617
901 2.9372838617
964 2.9372838617
1059 2.9372838617
1093 2.9372838617
1116 2.9372838617
1124 2.9372838617
1144 2.9372838617
1159 2.9372838617
1161 2.9372838617
1162 2.9372838617
1166 2.9372838617
1193 2.9372838617
1266 2.9372838617
1006 2.93778222939
1221 2.93778222939
1033 2.93968521258
944 2.94476306254
817 2.9450667251
830 2.9450667251
1008 2.9450667251
1020 2.9450667251
1111 2.9450667251
1247 2.9450667251
996 2.9466444729
572 2.94882514763
872 2.94995048172
873 2.94995048172
874 2.94995048172
1014 2.94995048172
1195 2.95153623396
851 2.95181298339
857 2.95275197057
308 2.95346048104
1 2.96567406715
2 2.96567406715
3 2.96567406715
4 2.96567406715
5 2.96567406715
6 2.96567406715
7 2.96567406715
9 2.96567406715
10 2.96567406715
11 2.96567406715
12 2.96567406715
14 2.96567406715
15 2.96567406715
16 2.96567406715
19 2.96567406715
20 2.96567406715
21 2.96567406715
22 2.96567406715
23 2.96567406715
25 2.96567406715
26 2.96567406715
27 2.96567406715
28 2.96567406715
31 2.96567406715
32 2.96567406715
34 2.96567406715
49 2.96567406715
57 2.96567406715
58 2.96567406715
59 2.96567406715
60 2.96567406715
62 2.96567406715
66 2.96567406715
68 2.96567406715
72 2.96567406715
75 2.96567406715
78 2.96567406715
80 2.96567406715
81 2.96567406715
82 2.96567406715
85 2.96567406715
87 2.96567406715
92 2.96567406715
99 2.96567406715
102 2.96567406715
103 2.96567406715
151 2.96567406715
244 2.96567406715
245 2.96567406715
275 2.96567406715
291 2.96567406715
411 2.96567406715
633 2.96567406715
838 2.96881557919
729 2.97291650908
745 2.97291650908
856 2.97291650908
720 2.9776345755
1053 2.97944193653
233 2.98667628371
242 2.98667628371
251 2.98667628371
1245 2.9918326899
416 2.99312338917
431 2.99753002328
325 2.99901272678
107 3.0030514719
109 3.0030514719
110 3.0030514719
111 3.0030514719
112 3.0030514719
113 3.0030514719
114 3.0030514719
115 3.0030514719
116 3.0030514719
118 3.0030514719
119 3.0030514719
120 3.0030514719
121 3.0030514719
124 3.0030514719
127 3.0030514719
133 3.0030514719
134 3.0030514719
135 3.0030514719
140 3.0030514719
146 3.0030514719
147 3.0030514719
152 3.0030514719
155 3.0030514719
162 3.0030514719
163 3.0030514719
164 3.0030514719
174 3.0030514719
192 3.0030514719
194 3.0030514719
205 3.0030514719
208 3.0030514719
220 3.0030514719
221 3.0030514719
234 3.0030514719
259 3.0030514719
262 3.0030514719
280 3.0030514719
301 3.0030514719
305 3.0030514719
373 3.0030514719
381 3.0030514719
756 3.0030514719
1090 3.0030514719
1021 3.01782552582
970 3.02447603285
971 3.02447603285
976 3.02447603285
979 3.02447603285
1026 3.03016407795
104 3.03065135304
189 3.03169799763
289 3.03169799763
311 3.03169799763
69 3.03234873534
611 3.03512036096
916 3.04348660253
991 3.04348660253
1039 3.04348660253
468 3.04388571789
1056 3.04541083729
211 3.04603740092
237 3.053331972
240 3.053331972
241 3.053331972
247 3.053331972
250 3.053331972
252 3.053331972
253 3.053331972
254 3.053331972
260 3.053331972
282 3.053331972
302 3.053331972
315 3.053331972
359 3.053331972
65 3.05418439356
70 3.05418439356
88 3.05418439356
89 3.05418439356
95 3.05418439356
96 3.05418439356
117 3.05418439356
138 3.05418439356
159 3.05418439356
165 3.05418439356
169 3.05418439356
172 3.05418439356
236 3.05418439356
246 3.05418439356
264 3.05418439356
276 3.05418439356
299 3.05418439356
310 3.05418439356
313 3.05418439356
317 3.05418439356
320 3.05418439356
347 3.05418439356
426 3.05418439356
488 3.05418439356
610 3.05508965691
747 3.06321843007
870 3.06365966304
988 3.06365966304
1041 3.06365966304
740 3.06485579089
748 3.06485579089
751 3.06485579089
1067 3.06583024927
987 3.07123867584
993 3.07123867584
995 3.07123867584
1024 3.07123867584
1073 3.07123867584
1086 3.07123867584
1104 3.07123867584
1105 3.07123867584
1109 3.07123867584
1112 3.07123867584
1114 3.07123867584
1119 3.07123867584
1127 3.07123867584
1131 3.07123867584
1135 3.07123867584
1250 3.07123867584
803 3.07618343337
419 3.08429980889
743 3.09825203432
24 3.09932184328
35 3.09932184328
724 3.09971994249
787 3.09971994249
385 3.10062508813
635 3.10269423125
727 3.10587765409
479 3.10694919146
130 3.10724961613
671 3.10850403848
386 3.10891498909
1174 3.10953094572
973 3.10963319666
617 3.11163289777
628 3.11163289777
725 3.11163289777
719 3.11194803034
920 3.11283030022
382 3.11290041375
1241 3.11905892687
639 3.11947494424
549 3.12642049695
762 3.13260904369
772 3.13260904369
773 3.13260904369
774 3.13260904369
775 3.13260904369
776 3.13260904369
779 3.13260904369
39 3.1330372771
42 3.1330372771
101 3.1330372771
493 3.13467143371
105 3.13506184149
183 3.13506184149
290 3.13506184149
765 3.13506184149
361 3.1357157052
697 3.13587674402
989 3.14536664413
149 3.14769167163
997 3.15234681398
998 3.15234681398
1003 3.15234681398
1040 3.15234681398
1042 3.15234681398
1057 3.15234681398
1255 3.15234681398
1256 3.15234681398
1257 3.15234681398
1258 3.15234681398
1259 3.15234681398
1260 3.15234681398
1261 3.15234681398
1264 3.15234681398
837 3.15644301938
829 3.15650180016
832 3.15650180016
843 3.15650180016
844 3.15650180016
847 3.15650180016
854 3.15650180016
855 3.15650180016
858 3.15650180016
868 3.15650180016
910 3.15650180016
912 3.15650180016
936 3.15650180016
966 3.15650180016
968 3.15650180016
972 3.15650180016
978 3.15650180016
992 3.15650180016
1032 3.15650180016
1061 3.15650180016
1074 3.15650180016
1191 3.15650180016
1204 3.15650180016
395 3.15737871062
845 3.16856142745
429 3.16970621083
388 3.17199650588
258 3.18027834714
690 3.1873958681
875 3.19087713319
876 3.19087713319
877 3.19087713319
878 3.19087713319
879 3.19087713319
742 3.19175081654
761 3.19175081654
929 3.19218386909
934 3.19218386909
950 3.19218386909
954 3.19218386909
977 3.19218386909
1097 3.19218386909
1231 3.19218386909
726 3.20212870923
698 3.21110111622
123 3.21412535076
126 3.21412535076
1055 3.2205858922
61 3.22233170479
836 3.23065730972
1031 3.23065730972
304 3.23459001472
560 3.23629167897
553 3.24575581686
257 3.25243750349
338 3.25880714732
131 3.2609810149
166 3.26257021023
73 3.26770410589
76 3.26770410589
84 3.26770410589
97 3.26770410589
170 3.26770410589
212 3.26770410589
235 3.26770410589
272 3.26770410589
285 3.26770410589
298 3.26770410589
314 3.26770410589
329 3.26770410589
334 3.26770410589
337 3.26770410589
342 3.26770410589
355 3.26770410589
365 3.26770410589
372 3.26770410589
374 3.26770410589
447 3.26770410589
1183 3.2736428831
196 3.27370736235
1082 3.27695231497
749 3.28016622187
750 3.28016622187
752 3.28016622187
754 3.28016622187
755 3.28016622187
753 3.28182180123
1049 3.28945996124
1050 3.28945996124
1016 3.29015585402
1262 3.29685187561
1217 3.30618194626
714 3.30870790022
394 3.31277776668
783 3.31405956262
902 3.31645532168
914 3.31645532168
927 3.31645532168
999 3.31645532168
464 3.31808255894
497 3.31808255894
498 3.31808255894
336 3.31960870045
885 3.31968459427
889 3.31968459427
1142 3.31968459427
651 3.32062948744
652 3.32062948744
653 3.32062948744
654 3.32062948744
744 3.32556294954
8 3.32833316205
673 3.33720474074
341 3.33772413537
769 3.34480012696
83 3.34883043766
91 3.34883043766
238 3.34883043766
379 3.34883043766
384 3.34883043766
764 3.34944558284
766 3.34944558284
767 3.34944558284
768 3.34944558284
757 3.34953235014
1263 3.3502217437
770 3.35054487691
771 3.35054487691
763 3.35070134728
390 3.3571770003
178 3.36819316162
637 3.37168971526
428 3.37503923941
1156 3.37522046029
959 3.37789983331
1025 3.37790561881
903 3.38579955883
904 3.38579955883
905 3.38579955883
906 3.38579955883
907 3.38579955883
909 3.38579955883
911 3.38579955883
913 3.38579955883
915 3.38579955883
918 3.38579955883
919 3.38579955883
921 3.38579955883
923 3.38579955883
924 3.38579955883
925 3.38579955883
926 3.38579955883
930 3.38579955883
931 3.38579955883
932 3.38579955883
933 3.38579955883
935 3.38579955883
937 3.38579955883
938 3.38579955883
939 3.38579955883
940 3.38579955883
941 3.38579955883
942 3.38579955883
943 3.38579955883
945 3.38579955883
946 3.38579955883
948 3.38579955883
949 3.38579955883
951 3.38579955883
957 3.38579955883
958 3.38579955883
963 3.38579955883
969 3.38579955883
981 3.38579955883
982 3.38579955883
983 3.38579955883
984 3.38579955883
985 3.38579955883
990 3.38579955883
994 3.38579955883
1029 3.38579955883
1030 3.38579955883
1035 3.38579955883
1065 3.38579955883
1078 3.38579955883
1085 3.38579955883
1128 3.38579955883
1136 3.38579955883
1045 3.38716120805
1248 3.39142516923
785 3.39202222201
691 3.3926095245
706 3.39369743801
206 3.40499909644
90 3.40712926234
1140 3.40806433816
480 3.41116635281
261 3.42569651804
160 3.42705828022
777 3.43224161078
821 3.44462477051
732 3.45168117381
802 3.46624282119
139 3.47986326476
598 3.48509493667
358 3.4867028779
173 3.48990256521
182 3.48990256521
186 3.48990256521
226 3.48990256521
573 3.49697801098
1196 3.50407928186
1232 3.50407928186
1252 3.50509835449
1164 3.51628110312
917 3.51656728097
922 3.51656728097
636 3.51811898496
344 3.5260455221
448 3.53132501544
649 3.53304692592
960 3.53948801509
816 3.54838762795
1046 3.55223272464
351 3.55393191794
808 3.55591913207
175 3.55778789813
176 3.55778789813
177 3.55778789813
179 3.55778789813
180 3.55778789813
181 3.55778789813
184 3.55778789813
185 3.55778789813
187 3.55778789813
188 3.55778789813
190 3.55778789813
193 3.55778789813
195 3.55778789813
197 3.55778789813
198 3.55778789813
199 3.55778789813
200 3.55778789813
202 3.55778789813
203 3.55778789813
204 3.55778789813
207 3.55778789813
209 3.55778789813
210 3.55778789813
213 3.55778789813
214 3.55778789813
215 3.55778789813
218 3.55778789813
222 3.55778789813
223 3.55778789813
229 3.55778789813
231 3.55778789813
243 3.55778789813
249 3.55778789813
255 3.55778789813
256 3.55778789813
274 3.55778789813
279 3.55778789813
284 3.55778789813
286 3.55778789813
292 3.55778789813
300 3.55778789813
303 3.55778789813
319 3.55778789813
321 3.55778789813
323 3.55778789813
326 3.55778789813
330 3.55778789813
331 3.55778789813
339 3.55778789813
340 3.55778789813
362 3.55778789813
375 3.55778789813
387 3.55778789813
391 3.55778789813
462 3.55778789813
486 3.55778789813
501 3.55778789813
634 3.55778789813
674 3.55778789813
1137 3.55778789813
823 3.55852991373
601 3.56108927354
891 3.57200763826
1005 3.58174405181
897 3.59743962948
367 3.60238522987
658 3.60275444402
33 3.61553879829
1076 3.61716100354
603 3.62143576446
544 3.62385175158
278 3.63989166024
228 3.65154246254
201 3.67690096977
746 3.68045805142
581 3.68589906225
583 3.68589906225
597 3.68589906225
1253 3.68589906225
841 3.68634799412
191 3.6886377147
63 3.68901834962
343 3.69183312795
281 3.69278342743
811 3.69320227454
1249 3.69567269282
354 3.69692423561
650 3.69824882039
327 3.70103186068
350 3.70269647214
345 3.70451619327
1083 3.71428415267
1181 3.71486239599
1153 3.71853782411
1079 3.71907063594
1147 3.72218010598
1148 3.72218010598
899 3.72262746119
1077 3.72320780239
778 3.73378367913
717 3.73925992252
908 3.74674360397
1000 3.74721156311
216 3.75183725189
224 3.75183725189
227 3.75183725189
230 3.75183725189
232 3.75183725189
239 3.75183725189
248 3.75183725189
263 3.75183725189
265 3.75183725189
293 3.75183725189
306 3.75183725189
371 3.75183725189
377 3.75183725189
392 3.75183725189
449 3.75183725189
562 3.75183725189
700 3.75183725189
965 3.75183725189
974 3.75183725189
1034 3.75183725189
1169 3.75183725189
1173 3.75183725189
686 3.75366776344
567 3.75431839958
551 3.77010407934
784 3.77098418449
782 3.77234269178
122 3.7796622162
947 3.78051417626
693 3.78336716727
638 3.79548077308
1176 3.79884131797
1227 3.80405095959
579 3.80623086242
582 3.80623086242
283 3.80917719507
328 3.80970852002
882 3.81087451023
86 3.81122249377
1121 3.81451775556
556 3.81728684423
1012 3.81753296114
13 3.82558953189
393 3.83341669574
869 3.84489045668
694 3.85647352396
900 3.86904668144
273 3.87774369536
786 3.89443722006
322 3.89909855098
268 3.90122769767
269 3.90122769767
270 3.90122769767
271 3.90122769767
346 3.90122769767
352 3.90122769767
353 3.90122769767
370 3.90122769767
267 3.9065352767
294 3.9065352767
295 3.9065352767
517 3.9084369081
534 3.9084369081
316 3.91770065277
788 3.92232963127
1058 3.92423744934
1197 3.92731892442
1098 3.92877037472
1101 3.92877037472
1102 3.92877037472
1103 3.92877037472
1177 3.93000254375
1171 3.9311365934
1117 3.93411433719
662 3.9513016069
663 3.9513016069
667 3.9513016069
668 3.9513016069
669 3.9513016069
670 3.9513016069
672 3.95369122229
540 3.95604152884
606 3.95632653733
822 3.97751525779
531 3.97803094192
1038 3.98937953695
1084 3.99775205356
596 4.0019152001
595 4.01421681391
588 4.01451287716
1254 4.03805515847
100 4.05605098821
1106 4.05695105182
1107 4.05695105182
171 4.10027998157
1186 4.10081637686
790 4.11378069106
143 4.11548432103
144 4.11548432103
145 4.11548432103
563 4.12357817614
536 4.12808050585
1146 4.13261967116
1080 4.13447943222
1132 4.1361017929
348 4.14068855203
1095 4.14479091102
850 4.16359306399
664 4.16373566595
1054 4.16603616871
453 4.16986007401
1187 4.20517208198
1228 4.22356249943
1234 4.23047456072
1244 4.25985112794
1229 4.29991376365
1230 4.29991376365
335 4.32155906585
150 4.32769585341
389 4.33100650145
1139 4.34969652048
842 4.43433505512
1160 4.46213132238
975 4.4666398662
1027 4.51894659308
1206 4.5580489551
862 4.56749242597

