37 334.06196348
14 351.110142161
27 358.664353734
2 381.137259885
15 382.24736645
41 382.981516287
28 383.213344073
7 383.252266648
40 405.497056581
44 407.33091292
42 407.522141216
47 407.568433048
8 410.228244278
17 418.484890013
21 425.025408388
35 433.11442222
22 438.267318637
16 440.417718601
23 444.151382121
24 446.103009511
38 453.135800918
45 454.109995318
9 455.335198228
12 470.423678559
3 475.064643146
29 477.791696608
30 479.400542953
6 479.912945567
43 500.852010117
33 503.025637097
34 517.786143932
11 523.811083104
26 525.773826929
4 542.061683013
19 547.744205885
18 549.99123821
49 550.223634532
46 562.216246406
13 568.315165003
31 571.174712042
5 588.218169554
32 596.296067111
39 596.335719319
20 597.615770322
25 600.753691997
10 644.52784379
1 690.387004896
36 708.29380011
48 795.562130726
50 806.287129391
