42 0.00677410589933
50 0.00656751141358
47 0.00656736663838
25 0.00642914621998
21 0.00640218604368
10 0.00636457956396
56 0.00636300438034
19 0.00618154569665
23 0.0061727126919
55 0.00617123839117
33 0.00616794704959
57 0.00616431605243
34 0.00616099949129
0 0.0061458299112
2 0.00602522214154
18 0.00599048596222
12 0.00597968708933
51 0.00581157659765
37 0.00578241742416
17 0.00571013528391
27 0.00563687780723
16 0.00563034646496
31 0.00559822632835
58 0.00557097417424
22 0.00543755102963
52 0.00541293230841
20 0.0053710555306
30 0.00509711181053
41 0.00505548862625
36 0.00499107653305
35 0.00493117628143
15 0.00491108084543
40 0.00488657403826
44 0.00482414541613
13 0.00481951412573
46 0.0048155909661
54 0.00459783969973
48 0.00449092159741
4 0.00439884869453
5 0.004338983075
9 0.00431629029074
7 0.00413042686597
38 0.00409721448597
53 0.00402511326808
49 0.00400310720853
28 0.00399421423724
32 0.00386729158239
45 0.00380489806903
3 0.00370547979735
11 0.00367967294578
14 0.00365717240753
29 0.0036541978064
8 0.00349494237088
39 0.00343964270219
43 0.00324594627449
24 0.00316034133999
26 0.0031121513029
1 0.00306614378163
6 0.00302786129793
59 0.00209243210095
