17 0.00509093688464
15 0.00509093688464
14 0.00509093688464
11 0.00509093688464
10 0.00509093688464
3 0.00509093688464
2 0.00509093688464
1 0.00509093688464
0 0.00509093688464
78 0.00509093688464
19 0.00509093688464
18 0.00509093688464
13 0.00509093688464
12 0.00509093688464
9 0.00509093688464
8 0.00509093688464
5 0.00509093688464
4 0.00509093688464
28 0.00509093688464
23 0.00509093688464
21 0.00509093688464
20 0.00509093688464
138 0.00509093688464
125 0.00509093688464
104 0.00509093688464
101 0.00509093688464
53 0.00509093688464
42 0.00509093688464
38 0.00509093688464
35 0.00509093688464
34 0.00509093688464
32 0.00509093688464
27 0.00509093688464
24 0.00509093688464
22 0.00509093688464
61 0.00509093688464
106 0.0049202644482
103 0.0049202644482
119 0.0049202644482
29 0.0049202644482
142 0.0049202644482
140 0.0049202644482
136 0.0049202644482
115 0.0049202644482
67 0.0049202644482
56 0.0049202644482
54 0.0049202644482
50 0.0049202644482
37 0.0049202644482
36 0.0049202644482
33 0.0049202644482
31 0.0049202644482
30 0.0049202644482
70 0.0049202644482
141 0.00489792430325
39 0.00489792430325
139 0.00489792430325
116 0.00489792430325
91 0.00489792430325
114 0.00489792430325
89 0.00489792430325
113 0.00489792430325
102 0.00489792430325
111 0.00489792430325
135 0.00489792430325
134 0.00487601318432
123 0.00487601318432
7 0.00487601318432
6 0.00487601318432
16 0.0048758028731
107 0.00485897728776
98 0.00485897728776
97 0.00485897728776
85 0.00485897728776
84 0.00485897728776
79 0.00485897728776
75 0.00485897728776
73 0.00485897728776
71 0.00485897728776
63 0.00485897728776
109 0.00472678058879
110 0.00470893445155
66 0.00465646917291
65 0.00465646917291
52 0.00465646917291
76 0.00465646917291
88 0.00465237707743
77 0.00463836529731
74 0.00463836529731
51 0.00463722587982
83 0.00443177837342
68 0.00443132349268
72 0.00441923414734
49 0.00441097948589
43 0.00439246077903
99 0.00430256619704
100 0.00430256619704
64 0.00426437030137
96 0.00426226364155
94 0.00426226364155
93 0.00426226364155
92 0.0042541080478
60 0.0042541080478
87 0.00423361732846
86 0.0042290863206
25 0.00417667173032
133 0.00417667173032
132 0.00417667173032
130 0.00417667173032
26 0.00417667173032
129 0.00417667173032
127 0.00417667173032
126 0.00417667173032
122 0.00417667173032
121 0.00417667173032
118 0.00417667173032
48 0.00408426409141
46 0.00408426409141
45 0.00408426409141
144 0.00408315865756
95 0.00406650370909
137 0.00406267763002
69 0.00404863097539
90 0.00403952834231
58 0.00403862767635
82 0.00402218669471
81 0.00402218669471
155 0.00401079282148
44 0.00401079282148
128 0.00400372384508
112 0.00399009438084
131 0.00392022717545
62 0.00388905684452
55 0.00388905684452
47 0.00388905684452
40 0.0038546750316
117 0.00385013233398
108 0.00385013233398
105 0.00381586815714
41 0.00375299044207
143 0.00374652029535
124 0.00373974768097
120 0.00373974768097
59 0.00366163006615
149 0.00365202449559
80 0.00361354027326
150 0.00348396820343
57 0.00345359718781
154 0.00332954422801
147 0.0032013371709
146 0.0032013371709
151 0.00290275487994
153 0.00280522506287
152 0.00266935704995
145 0.00263787781424
148 0.00250644107848
