42 77.5321982812
25 77.1024730968
50 74.7761321471
47 74.7754403379
21 72.1902632962
10 72.0778281898
56 72.0734329406
19 71.4635177306
23 69.4945600735
55 69.4200840873
33 69.4105435134
57 69.3993867839
34 69.389280445
2 67.0828919599
18 66.9555779835
12 66.8455807216
37 65.2860028612
51 64.5030903919
17 63.8197935984
16 61.6874026045
27 61.6593755787
31 61.5680949429
58 61.4632945246
22 59.1392093226
52 58.9430335097
20 58.8171722345
41 55.6429874929
30 55.5877644111
36 53.605697146
35 53.4216995993
15 51.7070964321
40 51.5080182476
13 51.2848687017
44 51.0985238754
46 51.0256464124
54 48.4255090424
48 46.2068892621
4 45.9602101425
5 44.0518370237
9 43.9917956055
38 41.4705182902
7 41.0211955689
53 40.5896367066
49 40.5838428597
28 40.4076730353
32 38.1547207536
45 37.7796766828
3 35.9281578995
29 35.9107122173
11 35.7582126219
14 35.5717102056
8 34.0034647231
39 33.2806588018
43 30.3996960894
24 28.5779013458
1 28.3099815897
26 27.8949646215
6 26.3961521412
59 15.3877009073
