138 11.8222857365
125 11.8222857365
104 11.8222857365
101 11.8222857365
78 11.8222857365
61 11.8222857365
53 11.8222857365
42 11.8222857365
38 11.8222857365
35 11.8222857365
34 11.8222857365
32 11.8222857365
28 11.8222857365
27 11.8222857365
24 11.8222857365
23 11.8222857365
22 11.8222857365
21 11.8222857365
20 11.8222857365
19 11.8222857365
18 11.8222857365
17 11.8222857365
15 11.8222857365
14 11.8222857365
13 11.8222857365
12 11.8222857365
11 11.8222857365
10 11.8222857365
9 11.8222857365
8 11.8222857365
5 11.8222857365
4 11.8222857365
3 11.8222857365
2 11.8222857365
1 11.8222857365
49 11.3520078407
142 11.3233291106
140 11.3233291106
136 11.3233291106
119 11.3233291106
115 11.3233291106
106 11.3233291106
103 11.3233291106
70 11.3233291106
67 11.3233291106
56 11.3233291106
54 11.3233291106
50 11.3233291106
37 11.3233291106
36 11.3233291106
33 11.3233291106
31 11.3233291106
30 11.3233291106
29 11.3233291106
144 11.3016261665
141 11.2967888983
139 11.2967888983
135 11.2967888983
116 11.2967888983
114 11.2967888983
113 11.2967888983
111 11.2967888983
102 11.2967888983
91 11.2967888983
89 11.2967888983
39 11.2967888983
134 11.2710858272
123 11.2710858272
7 11.2710858272
6 11.2710858272
16 11.2707156945
107 10.9852191142
98 10.9852191142
97 10.9852191142
85 10.9852191142
84 10.9852191142
79 10.9852191142
75 10.9852191142
73 10.9852191142
71 10.9852191142
63 10.9852191142
109 10.7978308126
110 10.7769324138
76 10.4499142801
66 10.4499142801
65 10.4499142801
52 10.4499142801
88 10.4452141589
43 10.444265036
51 10.4373841255
77 10.4289542443
74 10.4289542443
149 10.2454058734
68 9.89817192823
83 9.88909072294
72 9.87478759005
150 9.74949047163
64 9.67970434984
154 9.61789376675
100 9.44015768937
99 9.44015768937
155 9.40185696264
44 9.40185696264
96 9.39263291614
94 9.39263291614
93 9.39263291614
92 9.383252781
60 9.383252781
87 9.35962209361
86 9.35450893853
133 9.35211696916
132 9.35211696916
130 9.35211696916
129 9.35211696916
127 9.35211696916
126 9.35211696916
122 9.35211696916
121 9.35211696916
118 9.35211696916
26 9.35211696916
25 9.35211696916
112 9.33994699847
137 9.30593386981
128 9.06787441769
147 9.00323276056
146 9.00323276056
48 8.8855490829
46 8.8855490829
45 8.8855490829
95 8.8670434614
69 8.84489909995
58 8.84428687043
90 8.83596105525
82 8.81583003274
81 8.81583003274
143 8.79542558828
117 8.61957639939
108 8.61957639939
105 8.57965240153
131 8.48416653943
40 8.40933234
151 8.36475966633
62 8.3612581626
55 8.3612581626
47 8.3612581626
41 8.26413602194
124 8.24886625167
120 8.24886625167
153 8.0744713849
152 7.91270983154
59 7.80003274283
80 7.76554068173
145 7.57892952843
148 7.30824051714
57 7.26183980756

