54 0.00406082879089
48 0.00364511753428
21 0.00359208867132
23 0.00349242178272
52 0.00339412207267
11 0.00336905019508
10 0.0033007764703
35 0.00329717113974
28 0.00328975917659
43 0.00323246046204
5 0.00316470326425
33 0.0028621138902
50 0.0028295591637
8 0.0027681573013
38 0.00273104978287
49 0.00272895944177
4 0.00272528744629
26 0.00272474227712
53 0.00268845575882
13 0.00267425847658
24 0.00263244031958
39 0.00262856896309
1 0.00260912363587
14 0.002541677493
34 0.00254033227728
31 0.0025063873248
41 0.00249191841568
2 0.00247879101204
27 0.00244280758132
37 0.0024421910972
46 0.00244060854806
47 0.00239764947692
42 0.00239460700867
20 0.00239198894059
29 0.0023457260267
25 0.00229696215139
56 0.00224826681856
6 0.00222409567507
19 0.00214958769174
32 0.00214893011344
45 0.00214792354298
17 0.00214743276325
30 0.00213004810735
18 0.00210465804807
57 0.0020968384927
40 0.00198000700364
51 0.00197651852205
60 0.00195680282843
44 0.00194972513673
12 0.00194896303482
9 0.00194701410438
7 0.0018500991876
22 0.00184920385741
58 0.00184906220424
59 0.00184877546661
16 0.00184876185098
3 0.00174830615985
55 0.00173333284159
0 0.00172491445446
36 0.00170981164096
15 0.00164549773164
