15 96.8766800836
36 101.340439834
55 103.243613506
3 104.358189483
16 111.685097952
59 111.685583485
22 111.689371563
58 111.689935852
7 111.705524891
60 117.971499292
9 118.816838594
12 118.893507741
44 118.931004147
51 120.654389886
40 120.758857596
57 128.648573522
18 129.978518145
30 131.253830878
19 132.886029207
17 133.288323469
45 133.373243553
32 133.388546227
6 138.169087616
56 140.608664152
25 144.183118444
29 147.702898403
20 150.726150775
42 150.994590317
47 151.47141207
37 154.024550202
46 154.687175148
27 154.719775919
2 156.182427484
41 158.357829965
31 159.28305344
14 161.868258747
34 161.896993443
1 165.713505953
39 167.69350017
24 168.778157448
13 171.009937663
53 172.630010818
4 174.615759605
26 175.467735619
38 175.691516126
49 175.809652069
8 177.967012405
50 182.932654663
33 184.837903389
5 206.020773458
43 211.483202903
28 216.318044991
10 216.452686958
35 216.685916437
11 221.692799683
52 223.314346509
23 231.124301666
21 236.824624377
48 242.05786388
54 272.466675923
