39 4.19985135202
42 4.19985135202
120 4.19985135202
10 4.24522996096
11 4.24522996096
12 4.24522996096
13 4.24522996096
14 4.24522996096
15 4.24522996096
16 4.24522996096
17 4.24522996096
18 4.24522996096
20 4.24522996096
21 4.24522996096
22 4.24522996096
23 4.24522996096
24 4.24522996096
25 4.24522996096
26 4.24522996096
29 4.24522996096
31 4.24522996096
32 4.24522996096
33 4.24522996096
34 4.24522996096
35 4.24522996096
36 4.24522996096
37 4.24522996096
38 4.24522996096
44 4.24522996096
45 4.24522996096
48 4.24522996096
54 4.24522996096
57 4.24522996096
63 4.24522996096
68 4.24522996096
71 4.24522996096
72 4.24522996096
78 4.24522996096
80 4.24522996096
84 4.24522996096
86 4.24522996096
93 4.24522996096
94 4.24522996096
99 4.24522996096
106 4.24522996096
109 4.24522996096
111 4.24522996096
112 4.24522996096
117 4.24522996096
118 4.24522996096
123 4.24522996096
125 4.24522996096
126 4.24522996096
127 4.24522996096
128 4.24522996096
132 4.24522996096
133 4.24522996096
134 4.24522996096
144 4.24522996096
131 4.3134753514
139 4.3134753514
251 4.3134753514
149 4.38950667833
153 4.38950667833
167 4.38950667833
178 4.38950667833
189 4.38950667833
282 4.46117026337
307 4.47058728437
135 4.51740898706
237 4.51740898706
262 4.51740898706
278 4.51740898706
301 4.51740898706
305 4.51740898706
19 4.56690843529
27 4.56974070933
210 4.56974070933
236 4.60352353555
259 4.67353247551
198 4.69061647217
200 4.69061647217
204 4.69061647217
162 4.70045651675
155 4.71056606476
275 4.76426238142
147 4.77299874063
151 4.78421439788
152 4.78421439788
216 4.78421439788
280 4.78421439788
214 4.8054975986
219 4.8054975986
221 4.8054975986
227 4.8054975986
231 4.8054975986
272 4.8054975986
241 4.81632393842
2 4.82877102368
7 4.82877102368
30 4.82877102368
41 4.82877102368
110 4.82877102368
121 4.82877102368
122 4.82877102368
129 4.82877102368
137 4.82877102368
141 4.82877102368
218 4.82877102368
238 4.82877102368
240 4.82877102368
242 4.82877102368
243 4.82877102368
244 4.82877102368
247 4.82877102368
248 4.82877102368
250 4.82877102368
252 4.82877102368
270 4.82877102368
271 4.82877102368
279 4.82877102368
281 4.82877102368
296 4.82877102368
297 4.82877102368
299 4.82877102368
130 4.87382610102
43 4.89967032671
105 4.90449826146
119 4.90449826146
116 4.91813226327
114 4.9405052362
124 4.94470339506
8 5.1550798389
79 5.1550798389
104 5.1550798389
300 5.15745687326
283 5.16633111576
298 5.19511133137
146 5.22402557119
239 5.30784535551
158 5.32466749614
188 5.34086166934
143 5.40851849959
306 5.44332239772
53 5.44473946301
223 5.47870671769
225 5.47870671769
226 5.47870671769
228 5.47870671769
224 5.4838139081
159 5.55190453189
160 5.55190453189
161 5.55190453189
163 5.55190453189
165 5.55190453189
168 5.55190453189
169 5.55190453189
170 5.55190453189
172 5.55190453189
173 5.55190453189
174 5.55190453189
175 5.55190453189
176 5.55190453189
177 5.55190453189
179 5.55190453189
180 5.55190453189
181 5.55190453189
182 5.55190453189
184 5.55190453189
185 5.55190453189
186 5.55190453189
190 5.55190453189
191 5.55190453189
192 5.55190453189
193 5.55190453189
194 5.55190453189
195 5.55190453189
196 5.55190453189
197 5.55190453189
199 5.55190453189
201 5.55190453189
202 5.55190453189
203 5.55190453189
205 5.55190453189
206 5.55190453189
56 5.55722808847
28 5.55845483083
115 5.59096961672
156 5.59624620979
166 5.59624620979
150 5.66074727652
183 5.66867844686
187 5.66867844686
245 5.69843439066
47 5.72616799812
50 5.72616799812
51 5.72616799812
55 5.72616799812
58 5.72616799812
59 5.72616799812
60 5.72616799812
61 5.72616799812
66 5.72616799812
67 5.72616799812
69 5.72616799812
70 5.72616799812
73 5.72616799812
75 5.72616799812
76 5.72616799812
77 5.72616799812
81 5.72616799812
82 5.72616799812
83 5.72616799812
91 5.72616799812
92 5.72616799812
95 5.72616799812
96 5.72616799812
97 5.72616799812
98 5.72616799812
100 5.72616799812
101 5.72616799812
102 5.72616799812
103 5.72616799812
113 5.72616799812
142 5.73569101322
230 5.75676038773
52 5.76203999852
90 5.76203999852
6 5.76539892806
88 5.77729413169
108 5.77836431028
217 5.81395852228
136 5.86038812477
140 5.86038812477
215 5.86038812477
157 5.88149222192
171 5.88149222192
207 5.93273382478
208 5.93273382478
209 5.93273382478
212 5.93273382478
49 6.05584214565
74 6.05584214565
274 6.0946257428
302 6.10441409889
303 6.10441409889
62 6.110514838
138 6.11170126383
107 6.11565980608
164 6.12235277765
89 6.21825935461
65 6.21978042378
87 6.21978042378
40 6.33833173581
1 6.37246436844
4 6.37246436844
5 6.37246436844
273 6.37246436844
277 6.41688476938
85 6.53173065113
148 6.54250760166
232 6.57186244511
220 6.58754075531
253 6.58754075531
254 6.58754075531
255 6.58754075531
256 6.58754075531
257 6.58754075531
258 6.58754075531
260 6.58754075531
261 6.58754075531
263 6.58754075531
264 6.58754075531
266 6.58754075531
154 6.65144269718
265 6.67780773675
3 6.72696647304
246 6.78974673358
269 6.79645555328
222 6.87544421899
213 6.87931398989
145 6.99834067015
267 7.00083588065
211 7.03212394914
46 7.08749141088
249 7.19499083834
284 7.2964342057
285 7.2964342057
286 7.2964342057
287 7.2964342057
288 7.2964342057
289 7.2964342057
295 7.2964342057
268 7.30116166613
235 7.32182074715
290 7.38700321165
291 7.38700321165
292 7.38700321165
293 7.38700321165
294 7.38700321165
64 7.40746981789
229 7.42572464928
233 7.42572464928
234 7.42572464928
276 7.63101396544
304 7.69332659734
9 7.85125957054

