1 68.2401433754
44 68.4020998784
37 73.9435203684
43 78.6083811699
45 80.531243052
2 80.6003147519
42 85.05152609
28 87.0215223544
18 87.0508939361
48 93.073608229
12 94.2353799906
35 98.5461310705
46 99.7034253363
40 99.7855367275
31 100.493528961
26 101.793277045
9 101.799845561
29 102.907045457
47 112.016861662
39 112.018199674
21 112.212062037
8 118.516357213
24 124.696470757
32 126.731200974
7 131.951515749
22 133.033802168
16 134.796866116
13 136.37432684
41 137.42802339
19 138.453882776
14 138.828655338
5 140.682378948
4 144.263309197
38 148.222412985
23 151.594202702
20 159.053211839
11 165.774612887
33 166.232816089
17 174.723717916
6 175.118793143
3 177.168165972
34 177.418925567
25 179.238510448
30 182.27584262
15 184.480707621
10 187.34696511
27 202.997612016
36 243.380729888
