9 0.00401061383693
304 0.00396122915036
276 0.00385232396804
294 0.00381108414143
293 0.00381108414143
292 0.00381108414143
291 0.00381108414143
290 0.00381108414143
64 0.00377494809344
229 0.00377470464666
234 0.00377470464666
233 0.00377470464666
286 0.00371703971286
287 0.00371703971286
285 0.00371703971286
284 0.00371703971286
295 0.00371703971286
289 0.00371703971286
288 0.00371703971286
267 0.00363400602928
235 0.00363186583048
249 0.0036268584379
145 0.00362217605878
46 0.003616959077
268 0.00361518855267
269 0.00347117829777
222 0.00346936923897
211 0.00345105784649
213 0.00342614518969
154 0.00333686899285
277 0.00333256651712
246 0.00332878447939
3 0.0033128650538
265 0.00331277276146
148 0.00322594318674
261 0.00321848851264
260 0.00321848851264
266 0.00321848851264
264 0.00321848851264
263 0.00321848851264
258 0.00321848851264
257 0.00321848851264
256 0.00321848851264
255 0.00321848851264
254 0.00321848851264
253 0.00321848851264
220 0.00321848851264
232 0.0032125408222
303 0.00318111339253
302 0.00318111339253
40 0.00317820478384
85 0.00313790525261
4 0.00313614967662
5 0.00313614967662
1 0.00313614967662
273 0.00313614967662
65 0.00307198363732
87 0.00307198363732
138 0.00303261377106
164 0.00302804575619
107 0.00301263187486
274 0.00300013822131
215 0.00298578470756
140 0.00298578470756
136 0.00298578470756
89 0.00298528717415
245 0.00294774133086
230 0.00294303898133
62 0.00290274707651
142 0.002897359525
217 0.00288417532042
212 0.00286574550454
209 0.00286574550454
208 0.00286574550454
207 0.00286574550454
74 0.00285889870691
49 0.00285889870691
6 0.002835711328
150 0.00283502452401
157 0.00282445024506
171 0.00282445024506
115 0.00280925964583
187 0.00275316008166
183 0.00275316008166
306 0.00274022821715
108 0.00273540790043
88 0.00273458382668
143 0.00273437663646
90 0.00272627038797
52 0.00272627038797
224 0.00270826288125
228 0.00270409095163
226 0.00270409095163
225 0.00270409095163
223 0.00270409095163
166 0.00269894291087
156 0.00269894291087
103 0.00269351604139
102 0.00269351604139
101 0.00269351604139
100 0.00269351604139
83 0.00269351604139
82 0.00269351604139
81 0.00269351604139
61 0.00269351604139
51 0.00269351604139
73 0.00269351604139
70 0.00269351604139
77 0.00269351604139
76 0.00269351604139
75 0.00269351604139
47 0.00269351604139
98 0.00269351604139
97 0.00269351604139
96 0.00269351604139
95 0.00269351604139
92 0.00269351604139
91 0.00269351604139
69 0.00269351604139
67 0.00269351604139
66 0.00269351604139
60 0.00269351604139
59 0.00269351604139
58 0.00269351604139
55 0.00269351604139
50 0.00269351604139
113 0.00269351604139
298 0.00267093583116
186 0.00265925174543
185 0.00265925174543
184 0.00265925174543
182 0.00265925174543
181 0.00265925174543
180 0.00265925174543
206 0.00265925174543
205 0.00265925174543
179 0.00265925174543
177 0.00265925174543
176 0.00265925174543
175 0.00265925174543
174 0.00265925174543
173 0.00265925174543
172 0.00265925174543
170 0.00265925174543
169 0.00265925174543
168 0.00265925174543
165 0.00265925174543
163 0.00265925174543
161 0.00265925174543
160 0.00265925174543
203 0.00265925174543
202 0.00265925174543
201 0.00265925174543
199 0.00265925174543
197 0.00265925174543
196 0.00265925174543
195 0.00265925174543
194 0.00265925174543
193 0.00265925174543
192 0.00265925174543
191 0.00265925174543
190 0.00265925174543
159 0.00265925174543
28 0.00265441567848
56 0.00265345408916
239 0.00260578874802
188 0.00258958931885
158 0.00258051628037
146 0.00256956379751
53 0.00256706767994
283 0.00255330266318
300 0.00254624295133
104 0.0025442329085
79 0.0025442329085
8 0.0025442329085
124 0.00248525272642
114 0.00248187668355
116 0.00247581493957
272 0.00247281608417
227 0.00247281608417
221 0.00247281608417
219 0.00247281608417
231 0.00247281608417
214 0.00247281608417
241 0.00245225382501
155 0.00243841122743
259 0.0024289808637
216 0.00241590338994
280 0.00241590338994
152 0.00241590338994
151 0.00241590338994
119 0.00240851773338
105 0.00240851773338
147 0.0024077317894
130 0.00240650619044
43 0.00240474006841
275 0.00240077436622
141 0.00238169873939
243 0.00238169873939
240 0.00238169873939
242 0.00238169873939
247 0.00238169873939
244 0.00238169873939
248 0.00238169873939
137 0.00238169873939
299 0.00238169873939
297 0.00238169873939
296 0.00238169873939
281 0.00238169873939
279 0.00238169873939
271 0.00238169873939
270 0.00238169873939
252 0.00238169873939
250 0.00238169873939
238 0.00238169873939
218 0.00238169873939
129 0.00238169873939
122 0.00238169873939
121 0.00238169873939
110 0.00238169873939
41 0.00238169873939
30 0.00238169873939
7 0.00238169873939
2 0.00238169873939
0 0.00238169873939
307 0.00236323671374
162 0.00235347036745
204 0.00234551521257
200 0.00234551521257
198 0.00234551521257
278 0.00230534396547
262 0.00230534396547
237 0.00230534396547
305 0.00230534396547
301 0.00230534396547
135 0.00230534396547
236 0.00229519012525
282 0.00225420655144
210 0.00223852603876
27 0.00223852603876
19 0.00223626870679
251 0.00223019613333
139 0.00223019613333
131 0.00223019613333
167 0.00220032121777
189 0.00220032121777
153 0.00220032121777
149 0.00220032121777
178 0.00220032121777
42 0.00212945314789
39 0.00212945314789
120 0.00212945314789
109 0.00207419219474
106 0.00207419219474
63 0.00207419219474
57 0.00207419219474
144 0.00207419219474
118 0.00207419219474
117 0.00207419219474
112 0.00207419219474
111 0.00207419219474
93 0.00207419219474
54 0.00207419219474
18 0.00207419219474
17 0.00207419219474
16 0.00207419219474
15 0.00207419219474
14 0.00207419219474
13 0.00207419219474
12 0.00207419219474
11 0.00207419219474
10 0.00207419219474
68 0.00207419219474
99 0.00207419219474
94 0.00207419219474
128 0.00207419219474
127 0.00207419219474
126 0.00207419219474
125 0.00207419219474
123 0.00207419219474
33 0.00207419219474
32 0.00207419219474
31 0.00207419219474
38 0.00207419219474
37 0.00207419219474
36 0.00207419219474
35 0.00207419219474
34 0.00207419219474
45 0.00207419219474
44 0.00207419219474
29 0.00207419219474
134 0.00207419219474
133 0.00207419219474
132 0.00207419219474
86 0.00207419219474
84 0.00207419219474
80 0.00207419219474
78 0.00207419219474
72 0.00207419219474
71 0.00207419219474
48 0.00207419219474
26 0.00207419219474
25 0.00207419219474
24 0.00207419219474
23 0.00207419219474
22 0.00207419219474
21 0.00207419219474
20 0.00207419219474
