56 66.3733683129
38 66.3780828448
51 67.2212994699
36 71.6005188802
43 71.6090128198
39 71.6119876673
17 71.6250988956
48 71.6274623738
57 71.6285542338
49 71.6321769058
40 74.2838309793
6 74.4303868001
13 75.7695934902
37 76.7666220594
44 76.821083223
29 78.7625453722
1 79.9117965144
58 81.760176244
52 81.8632194265
55 81.8773138182
35 82.0223668541
15 86.7477107062
4 86.8825399088
64 86.929521776
3 86.9522827926
16 87.128638775
34 87.1320786432
47 87.1369224736
62 87.1415124907
24 88.2762332301
21 90.3372212307
33 90.821592515
18 91.8799813023
41 91.9899512053
32 91.9994493484
30 92.8725615191
25 94.1252233901
9 95.353520916
66 95.379008725
50 96.8190752686
65 98.6018348068
54 98.7441054949
11 101.838954107
12 102.168034746
59 102.335585033
5 107.246325397
42 107.473376047
45 111.823139822
14 112.467897374
10 112.482728312
31 112.515847626
19 115.422977636
27 116.969939885
22 117.53154665
20 118.302105166
60 120.070022783
53 122.333387058
61 127.41380603
46 128.07832761
8 128.683373603
26 132.404155314
28 132.519469159
23 140.818943319
7 144.993654028
63 152.666655708
2 156.626632755
