2 0.00531490736201
63 0.00521558081904
7 0.00498142189731
23 0.00482812566912
28 0.00455884480155
26 0.00455176035651
8 0.00444546772086
46 0.00443857248968
61 0.00439654168579
53 0.00423595306738
60 0.00423033611135
20 0.00416869576662
22 0.00408474937569
27 0.00407628708261
19 0.00402180080049
45 0.00392761434118
31 0.00392693923455
10 0.00392528325513
14 0.00391987220382
42 0.00376693529217
5 0.00375706209111
59 0.00360157094721
11 0.00359586763628
12 0.00358947018846
54 0.00350252304289
65 0.00349870522081
25 0.00343619887675
50 0.00342942806993
9 0.00339348469723
66 0.00339147008944
21 0.00333084333163
30 0.00332159499102
18 0.00327965721012
32 0.00326818988001
41 0.00326680017414
33 0.00324695240634
24 0.0031821716189
47 0.00312440414137
16 0.00312301404165
62 0.00312169282385
34 0.003120271532
15 0.00312026486518
64 0.00311667611733
3 0.00311664375009
4 0.0031065275932
58 0.002964494655
35 0.00296261759433
55 0.00295381475525
52 0.00295173350558
1 0.00292566467889
29 0.00289686035621
13 0.00283148380753
44 0.00279779747537
37 0.00279583742192
6 0.00275222314642
40 0.00274454044401
49 0.00263309056623
57 0.00263256589285
39 0.00263255994172
43 0.00263248560204
48 0.00263235969886
17 0.00263207025656
36 0.0026284299471
51 0.00250191872815
38 0.00246641564278
56 0.00246569255168
0 0.00208530120378
