300 5.4159510743
252 5.55006249433
170 5.56146618708
172 5.56146618708
173 5.56146618708
178 5.56146618708
210 5.56146618708
213 5.56146618708
214 5.56146618708
220 5.56146618708
488 5.56146618708
6 5.6631598103
7 5.6631598103
8 5.6631598103
9 5.6631598103
13 5.6631598103
14 5.6631598103
16 5.6631598103
47 5.6631598103
49 5.6631598103
57 5.6631598103
59 5.6631598103
349 5.6749934772
367 5.6749934772
377 5.6749934772
379 5.6749934772
380 5.6749934772
390 5.6749934772
393 5.6749934772
407 5.6749934772
435 5.6749934772
492 5.6749934772
495 5.6749934772
430 5.67891001631
239 5.71977750355
251 5.7757176607
253 5.7757176607
254 5.7757176607
255 5.7757176607
256 5.7757176607
257 5.7757176607
258 5.7757176607
259 5.7757176607
260 5.7757176607
262 5.7757176607
264 5.7757176607
265 5.7757176607
267 5.7757176607
268 5.7757176607
269 5.7757176607
270 5.7757176607
272 5.7757176607
273 5.7757176607
276 5.7757176607
280 5.7757176607
287 5.7757176607
290 5.7757176607
294 5.7757176607
298 5.7757176607
301 5.7757176607
307 5.7757176607
310 5.7757176607
318 5.7757176607
322 5.7757176607
333 5.7757176607
345 5.7757176607
494 5.7757176607
70 5.86875600437
82 5.86875600437
83 5.86875600437
110 5.86875600437
487 5.88148204597
481 5.89140101873
167 5.90529077443
165 5.91968245812
491 5.92056524055
1 5.94590736528
2 5.94590736528
3 5.94590736528
94 5.94590736528
102 5.94590736528
109 5.94590736528
130 5.94590736528
132 5.94590736528
141 5.94590736528
142 5.94590736528
143 5.94590736528
144 5.94590736528
147 5.94590736528
148 5.94590736528
157 5.94590736528
234 5.94590736528
235 5.94590736528
238 5.94590736528
240 5.94590736528
245 5.94590736528
247 5.94590736528
248 5.94590736528
331 5.94590736528
334 5.94590736528
400 5.94590736528
401 5.94590736528
404 5.94590736528
408 5.94590736528
410 5.94590736528
412 5.94590736528
413 5.94590736528
416 5.94590736528
418 5.94590736528
419 5.94590736528
422 5.94590736528
423 5.94590736528
427 5.94590736528
428 5.94590736528
429 5.94590736528
440 5.94590736528
441 5.94590736528
442 5.94590736528
444 5.94590736528
445 5.94590736528
448 5.94590736528
449 5.94590736528
236 5.9665227846
399 5.96667290323
403 5.96667290323
381 6.00769397372
383 6.00769397372
387 6.00769397372
10 6.0169442834
19 6.0169442834
355 6.02204162624
33 6.02356558881
44 6.03156058704
88 6.03159221656
24 6.03357693512
266 6.11766517165
105 6.12879866158
152 6.12879866158
425 6.12879866158
291 6.13145025826
340 6.13145025826
261 6.13772645098
77 6.21370538259
85 6.21944734371
138 6.27368938775
411 6.30274833289
11 6.31080265994
15 6.31080265994
137 6.31080265994
243 6.31114536749
446 6.32419946014
113 6.32649885359
115 6.32649885359
139 6.32755228432
338 6.32755228432
496 6.37183738822
497 6.37183738822
91 6.4091896454
140 6.44090771943
161 6.4507938918
111 6.46159931382
133 6.46159931382
145 6.46159931382
166 6.46159931382
241 6.46159931382
439 6.46159931382
414 6.46567289386
78 6.47632483908
79 6.47632483908
80 6.47632483908
81 6.47632483908
89 6.47632483908
431 6.48193016526
493 6.48193016526
26 6.48618448424
87 6.49012795136
339 6.60067047562
341 6.60067047562
396 6.60573299371
66 6.64779415714
146 6.65600547517
409 6.69010448227
35 6.75109359767
106 6.81924478933
332 6.8291103004
21 6.90578722641
92 6.95685569455
93 6.95685569455
95 6.95685569455
114 6.95685569455
116 6.95685569455
134 6.98483680072
117 6.9911471819
129 6.9911471819
164 6.9911471819
53 7.00330734858
104 7.00934587646
36 7.01865147401
69 7.01865147401
433 7.02504099477
490 7.02589800717
215 7.04136405921
250 7.04338571439
426 7.07038490668
74 7.12380601263
75 7.12380601263
76 7.12380601263
90 7.12380601263
107 7.12380601263
112 7.12380601263
163 7.12380601263
18 7.16121908556
20 7.16121908556
22 7.16121908556
23 7.16121908556
25 7.16121908556
27 7.16121908556
28 7.16121908556
29 7.16121908556
31 7.16121908556
34 7.16121908556
37 7.16121908556
38 7.16121908556
40 7.16121908556
41 7.16121908556
42 7.16121908556
43 7.16121908556
45 7.16121908556
46 7.16121908556
48 7.16121908556
50 7.16121908556
51 7.16121908556
52 7.16121908556
55 7.16121908556
56 7.16121908556
58 7.16121908556
61 7.16121908556
62 7.16121908556
63 7.16121908556
64 7.16121908556
65 7.16121908556
67 7.16121908556
68 7.16121908556
282 7.21113093444
73 7.25239395282
32 7.26250642332
475 7.32441948257
483 7.33746931518
465 7.34330795075
486 7.35204241068
292 7.37806720065
30 7.38931955142
60 7.38931955142
54 7.38945079034
155 7.43215859228
135 7.46062529324
72 7.4800003351
299 7.49163281336
295 7.50037471059
434 7.50037471059
436 7.51756557702
397 7.51995107058
39 7.52337697019
229 7.52967124687
84 7.53870733277
86 7.53870733277
225 7.55887331479
160 7.55898458582
450 7.5619478908
451 7.5619478908
452 7.5619478908
453 7.5619478908
455 7.5619478908
456 7.5619478908
457 7.5619478908
458 7.5619478908
459 7.5619478908
460 7.5619478908
461 7.5619478908
462 7.5619478908
463 7.5619478908
464 7.5619478908
466 7.5619478908
467 7.5619478908
468 7.5619478908
470 7.5619478908
471 7.5619478908
472 7.5619478908
473 7.5619478908
474 7.5619478908
476 7.5619478908
477 7.5619478908
478 7.5619478908
479 7.5619478908
480 7.5619478908
482 7.5619478908
484 7.5619478908
485 7.5619478908
100 7.56584753974
313 7.57966720649
274 7.58128976455
131 7.58489046432
432 7.60083022212
17 7.60242607672
351 7.6224358176
438 7.63526596485
354 7.6776346309
344 7.73069369695
376 7.7433236877
122 7.75821390121
4 7.77701563228
151 7.77720203074
153 7.77720203074
154 7.77720203074
156 7.77720203074
158 7.77720203074
159 7.77720203074
498 7.77720203074
499 7.77720203074
337 7.7951063135
242 7.81457661412
169 7.81580072115
171 7.81580072115
175 7.81580072115
176 7.81580072115
177 7.81580072115
179 7.81580072115
180 7.81580072115
181 7.81580072115
182 7.81580072115
183 7.81580072115
184 7.81580072115
185 7.81580072115
186 7.81580072115
188 7.81580072115
189 7.81580072115
190 7.81580072115
191 7.81580072115
192 7.81580072115
193 7.81580072115
194 7.81580072115
195 7.81580072115
196 7.81580072115
197 7.81580072115
198 7.81580072115
199 7.81580072115
201 7.81580072115
202 7.81580072115
203 7.81580072115
204 7.81580072115
205 7.81580072115
206 7.81580072115
207 7.81580072115
208 7.81580072115
209 7.81580072115
211 7.81580072115
212 7.81580072115
218 7.81580072115
219 7.81580072115
221 7.81580072115
222 7.81580072115
223 7.81580072115
224 7.81580072115
226 7.81580072115
227 7.81580072115
228 7.81580072115
230 7.81580072115
232 7.81580072115
233 7.81580072115
118 7.82528981316
119 7.82528981316
120 7.82528981316
124 7.82528981316
103 7.82997431485
277 7.83187592052
278 7.83187592052
281 7.83187592052
283 7.83187592052
284 7.83187592052
285 7.83187592052
286 7.83187592052
289 7.83187592052
293 7.83187592052
296 7.83187592052
297 7.83187592052
302 7.83187592052
304 7.83187592052
305 7.83187592052
306 7.83187592052
308 7.83187592052
309 7.83187592052
316 7.83187592052
317 7.83187592052
319 7.83187592052
321 7.83187592052
323 7.83187592052
324 7.83187592052
325 7.83187592052
327 7.83187592052
329 7.83187592052
336 7.83187592052
121 7.90644590586
149 7.90760043443
125 7.9080700376
162 7.92117407397
123 7.92218227854
437 7.92485560049
454 7.92635611919
279 7.93259329272
328 7.93272862935
311 7.94832293189
314 7.95029588784
12 7.95707791402
312 7.98557872984
343 8.00575670298
346 8.00575670298
347 8.00575670298
348 8.00575670298
350 8.00575670298
352 8.00575670298
356 8.00575670298
357 8.00575670298
359 8.00575670298
360 8.00575670298
361 8.00575670298
362 8.00575670298
363 8.00575670298
364 8.00575670298
368 8.00575670298
369 8.00575670298
371 8.00575670298
373 8.00575670298
374 8.00575670298
378 8.00575670298
382 8.00575670298
384 8.00575670298
386 8.00575670298
388 8.00575670298
389 8.00575670298
391 8.00575670298
392 8.00575670298
394 8.00575670298
395 8.00575670298
398 8.00575670298
420 8.00575670298
421 8.00575670298
335 8.02232635846
342 8.03172714849
353 8.03172714849
405 8.04240123123
415 8.04240123123
237 8.06232548895
372 8.09034458626
71 8.09845476463
96 8.09845476463
97 8.09845476463
98 8.09845476463
99 8.09845476463
126 8.1038033055
127 8.1038033055
231 8.1081710015
402 8.11041692045
366 8.11536184212
5 8.13881878086
244 8.13976898872
271 8.15705389222
168 8.18025345185
200 8.18025345185
217 8.18025345185
174 8.18703485162
320 8.19209382031
187 8.19487819609
216 8.19686486753
303 8.19803886831
375 8.19918263417
315 8.20168851787
275 8.20617498849
326 8.20814283338
263 8.26669334365
136 8.28872480298
246 8.30137968751
330 8.31007882616
447 8.32045056095
489 8.32045056095
288 8.32046938875
469 8.32629614172
365 8.36540602582
370 8.36540602582
385 8.36540602582
358 8.37189520555
150 8.46366280062
424 8.51473575062
417 8.56202179343
128 8.63798420542
249 8.79396880236
101 8.80718401718
108 8.9490877955
443 9.05402767387
406 9.12714441133

