248 0.00326855659448
229 0.00326855659448
228 0.00326855659448
225 0.00326855659448
185 0.00326855659448
121 0.00326855659448
85 0.00326855659448
84 0.00326855659448
83 0.00326855659448
82 0.00326855659448
81 0.00326855659448
80 0.00326855659448
79 0.00326855659448
78 0.00326855659448
77 0.00326855659448
76 0.00326855659448
75 0.00326855659448
74 0.00326855659448
73 0.00326855659448
72 0.00326855659448
71 0.00326855659448
64 0.00326855659448
46 0.00326855659448
45 0.00326855659448
44 0.00326855659448
43 0.00326855659448
42 0.00326855659448
41 0.00326855659448
40 0.00326855659448
39 0.00326855659448
37 0.00326855659448
36 0.00326855659448
35 0.00326855659448
34 0.00326855659448
32 0.00326855659448
29 0.00326855659448
28 0.00326855659448
27 0.00326855659448
26 0.00326855659448
25 0.00326855659448
24 0.00326855659448
23 0.00326855659448
22 0.00326855659448
21 0.00326855659448
20 0.00326855659448
19 0.00326855659448
18 0.00326855659448
17 0.00326855659448
16 0.00326855659448
15 0.00326855659448
14 0.00326855659448
13 0.00326855659448
12 0.00326855659448
11 0.00326855659448
10 0.00326855659448
8 0.00326855659448
7 0.00326855659448
6 0.00326855659448
3 0.00326855659448
231 0.00326855659448
31 0.00326855659448
30 0.00326855659448
60 0.00326855659448
194 0.00326855659448
122 0.00326855659448
114 0.00326855659448
112 0.00326855659448
106 0.00326855659448
63 0.00326855659448
9 0.00326855659448
186 0.00324343386412
129 0.00324343386412
127 0.00324343386412
69 0.00324343386412
67 0.00324343386412
293 0.00324343386412
227 0.00324343386412
142 0.00324343386412
141 0.00324343386412
140 0.00324343386412
137 0.00324343386412
136 0.00324343386412
135 0.00324343386412
131 0.00324343386412
130 0.00324343386412
89 0.00324343386412
88 0.00324343386412
87 0.00324343386412
86 0.00324343386412
233 0.00324343386412
147 0.00324343386412
145 0.00324343386412
144 0.00324343386412
241 0.00324343386412
188 0.00324343386412
128 0.00324343386412
92 0.00324343386412
91 0.00324343386412
254 0.00311068277044
249 0.00311068277044
247 0.00311068277044
245 0.00311068277044
240 0.00311068277044
291 0.00311068277044
290 0.00311068277044
238 0.00311068277044
270 0.00311068277044
267 0.00311068277044
152 0.00308554250525
162 0.00308554250525
100 0.00308554250525
62 0.0030711115665
33 0.00306390953114
4 0.00306390953114
134 0.00306048992668
163 0.00305779809613
38 0.00305267216744
202 0.00305267216744
5 0.00305267216744
253 0.00305123011773
244 0.00305123011773
143 0.00304999758035
68 0.00304999758035
149 0.00304190977915
159 0.0030138957027
201 0.0030138957027
57 0.00294063881753
205 0.00294063881753
206 0.00294063881753
56 0.00294063881753
55 0.00294063881753
54 0.00294063881753
53 0.00294063881753
52 0.00294063881753
58 0.00294063881753
51 0.00294063881753
239 0.00294063881753
49 0.00294063881753
47 0.00294063881753
97 0.00293319412461
236 0.00293319412461
223 0.00293319412461
212 0.00293319412461
139 0.00293319412461
133 0.00293319412461
213 0.00293319412461
210 0.00293319412461
209 0.00293319412461
217 0.00293319412461
216 0.00293319412461
215 0.00293319412461
214 0.00293319412461
211 0.00293319412461
182 0.00293319412461
268 0.00291491834172
242 0.00291117428574
257 0.00290975408636
167 0.00290225455336
156 0.00288435958086
59 0.00288301857018
108 0.00288301857018
65 0.00287672085086
292 0.0028744144119
282 0.0028744144119
278 0.0028744144119
277 0.0028744144119
273 0.0028744144119
272 0.0028744144119
90 0.00286798564426
61 0.00285941251244
70 0.00284675306521
177 0.00282219036894
176 0.00282219036894
175 0.00282219036894
171 0.00282219036894
170 0.00282219036894
166 0.00282219036894
164 0.00282219036894
161 0.00282219036894
160 0.00282219036894
99 0.00282219036894
98 0.00282219036894
96 0.00282219036894
180 0.00282219036894
179 0.00282219036894
178 0.00282219036894
173 0.00282219036894
172 0.00282219036894
168 0.00282219036894
120 0.00282219036894
2 0.00282219036894
181 0.00282219036894
154 0.00282219036894
151 0.00282219036894
150 0.00282219036894
189 0.00282219036894
187 0.00282219036894
184 0.00282219036894
183 0.00282219036894
169 0.00282219036894
158 0.00282219036894
109 0.00282219036894
107 0.00282219036894
105 0.00282219036894
101 0.00282219036894
119 0.00282219036894
110 0.00282219036894
204 0.00282219036894
200 0.00282219036894
124 0.00282219036894
113 0.00282219036894
203 0.00282219036894
193 0.00282219036894
148 0.00282219036894
146 0.00282219036894
138 0.00282219036894
132 0.00282219036894
126 0.00282219036894
115 0.00282219036894
198 0.00282219036894
190 0.00282219036894
123 0.00282219036894
116 0.00282219036894
192 0.00282219036894
191 0.00281170157457
118 0.00281170157457
0 0.00275663884268
50 0.00274911570398
262 0.00274782781521
237 0.00274589160673
224 0.00274352402998
208 0.00273478454919
125 0.00270372972779
197 0.00270241782442
275 0.00269294771341
274 0.00269294771341
93 0.00268302093995
102 0.00267676776754
199 0.00263106156877
195 0.00263106156877
165 0.00263097327498
174 0.00263097327498
196 0.00261299608131
117 0.00261299608131
155 0.00261299608131
111 0.00261299608131
95 0.00261299608131
48 0.00254517858285
220 0.00254463916342
1 0.0025428075749
94 0.00254063917144
207 0.00252044453736
276 0.00251150974426
66 0.00248981353335
226 0.0024780999337
281 0.00246440443025
287 0.00245609667582
279 0.00244241687191
246 0.00244241687191
243 0.00244241687191
255 0.00244241687191
251 0.00244241687191
157 0.00244241687191
269 0.00244241687191
265 0.00244241687191
264 0.00244241687191
219 0.00244241687191
232 0.00244241687191
103 0.00241682714112
104 0.00241606875966
222 0.00238338864948
283 0.00237924743671
288 0.00237227760549
271 0.00237227760549
286 0.00237227760549
285 0.00237227760549
284 0.00237227760549
280 0.00236492733178
263 0.0023383524771
266 0.00231502874219
260 0.00231502874219
259 0.00231502874219
256 0.00231502874219
153 0.00229025879566
235 0.0022894537645
230 0.00226193681996
252 0.00225905664073
250 0.00225905664073
218 0.00224888305036
234 0.00224423662467
258 0.00214527268364
221 0.00211025204635
289 0.00199824412566
261 0.00194686783945
