0 0.00633739860629
25 0.00579498372284
16 0.0057170880054
5 0.00566358390353
6 0.00562789003283
30 0.00530600701535
1 0.00529604131257
17 0.00529174251549
11 0.00492639357665
14 0.00474181114055
29 0.00471424502374
24 0.00470867401367
18 0.0046284365132
20 0.00458233667684
15 0.00455909339633
13 0.00450960305406
31 0.00438859262123
27 0.00435256980217
28 0.00422953953286
12 0.00422849787687
3 0.0040678547616
4 0.00391122923592
10 0.00391076904245
7 0.00388101874816
2 0.003873990754
9 0.00366814381951
22 0.00363065332459
19 0.00346109404382
21 0.00336592538285
8 0.00287535467517
26 0.0024122963635
23 0.00154690191945
