248 4.94629102316
231 4.94629102316
229 4.94629102316
228 4.94629102316
225 4.94629102316
194 4.94629102316
185 4.94629102316
122 4.94629102316
121 4.94629102316
114 4.94629102316
112 4.94629102316
106 4.94629102316
85 4.94629102316
84 4.94629102316
83 4.94629102316
82 4.94629102316
81 4.94629102316
80 4.94629102316
79 4.94629102316
78 4.94629102316
77 4.94629102316
76 4.94629102316
75 4.94629102316
74 4.94629102316
73 4.94629102316
72 4.94629102316
71 4.94629102316
64 4.94629102316
63 4.94629102316
60 4.94629102316
46 4.94629102316
45 4.94629102316
44 4.94629102316
43 4.94629102316
42 4.94629102316
41 4.94629102316
40 4.94629102316
39 4.94629102316
37 4.94629102316
36 4.94629102316
35 4.94629102316
34 4.94629102316
32 4.94629102316
31 4.94629102316
30 4.94629102316
29 4.94629102316
28 4.94629102316
27 4.94629102316
26 4.94629102316
25 4.94629102316
24 4.94629102316
23 4.94629102316
22 4.94629102316
21 4.94629102316
20 4.94629102316
19 4.94629102316
18 4.94629102316
17 4.94629102316
16 4.94629102316
15 4.94629102316
14 4.94629102316
13 4.94629102316
12 4.94629102316
11 4.94629102316
10 4.94629102316
9 4.94629102316
8 4.94629102316
7 4.94629102316
6 4.94629102316
3 4.94629102316
293 4.91978133821
241 4.91978133821
233 4.91978133821
227 4.91978133821
188 4.91978133821
186 4.91978133821
147 4.91978133821
145 4.91978133821
144 4.91978133821
142 4.91978133821
141 4.91978133821
140 4.91978133821
137 4.91978133821
136 4.91978133821
135 4.91978133821
131 4.91978133821
130 4.91978133821
129 4.91978133821
128 4.91978133821
127 4.91978133821
92 4.91978133821
91 4.91978133821
89 4.91978133821
88 4.91978133821
87 4.91978133821
86 4.91978133821
69 4.91978133821
67 4.91978133821
291 4.74094447606
290 4.74094447606
270 4.74094447606
267 4.74094447606
254 4.74094447606
249 4.74094447606
247 4.74094447606
245 4.74094447606
240 4.74094447606
238 4.74094447606
253 4.72223492261
244 4.72223492261
62 4.65989138318
33 4.65277791471
4 4.65277791471
134 4.64824023135
163 4.64670506549
202 4.64158960106
38 4.64158960106
5 4.64158960106
143 4.63789136512
68 4.63789136512
149 4.62980037001
292 4.53574291331
282 4.53574291331
278 4.53574291331
277 4.53574291331
273 4.53574291331
272 4.53574291331
239 4.48961584947
206 4.48961584947
205 4.48961584947
58 4.48961584947
57 4.48961584947
56 4.48961584947
55 4.48961584947
54 4.48961584947
53 4.48961584947
52 4.48961584947
51 4.48961584947
49 4.48961584947
47 4.48961584947
268 4.4567547608
242 4.45301906114
257 4.45159245262
162 4.43839872156
152 4.43839872156
100 4.43839872156
65 4.37717350818
90 4.37236035449
61 4.36477117164
262 4.35680327484
70 4.35139202534
201 4.28922089155
159 4.28922089155
275 4.26644491049
274 4.26644491049
50 4.20928809397
237 4.20611792165
224 4.20374658866
167 4.16686534714
156 4.14905290665
108 4.14776304438
59 4.14776304438
236 4.1262927731
223 4.1262927731
217 4.1262927731
216 4.1262927731
215 4.1262927731
214 4.1262927731
213 4.1262927731
212 4.1262927731
211 4.1262927731
210 4.1262927731
209 4.1262927731
182 4.1262927731
139 4.1262927731
133 4.1262927731
97 4.1262927731
93 4.09903605299
102 4.09887855023
191 3.99908387453
118 3.99908387453
276 3.99711246602
204 3.92771951035
203 3.92771951035
200 3.92771951035
198 3.92771951035
193 3.92771951035
192 3.92771951035
190 3.92771951035
189 3.92771951035
187 3.92771951035
184 3.92771951035
183 3.92771951035
181 3.92771951035
180 3.92771951035
179 3.92771951035
178 3.92771951035
177 3.92771951035
176 3.92771951035
175 3.92771951035
173 3.92771951035
172 3.92771951035
171 3.92771951035
170 3.92771951035
169 3.92771951035
168 3.92771951035
166 3.92771951035
164 3.92771951035
161 3.92771951035
160 3.92771951035
158 3.92771951035
154 3.92771951035
151 3.92771951035
150 3.92771951035
148 3.92771951035
146 3.92771951035
138 3.92771951035
132 3.92771951035
126 3.92771951035
124 3.92771951035
123 3.92771951035
120 3.92771951035
119 3.92771951035
116 3.92771951035
115 3.92771951035
113 3.92771951035
110 3.92771951035
109 3.92771951035
107 3.92771951035
105 3.92771951035
101 3.92771951035
99 3.92771951035
98 3.92771951035
96 3.92771951035
2 3.92771951035
48 3.91661365808
1 3.91426820471
266 3.90547543221
260 3.90547543221
259 3.90547543221
256 3.90547543221
125 3.88033656596
197 3.87910126721
208 3.84000922603
66 3.81753289564
226 3.80695655517
281 3.75718842678
287 3.74887003822
199 3.73052682771
195 3.73052682771
174 3.73044673741
165 3.73044673741
279 3.72887263388
269 3.72887263388
265 3.72887263388
264 3.72887263388
255 3.72887263388
251 3.72887263388
246 3.72887263388
243 3.72887263388
232 3.72887263388
219 3.72887263388
157 3.72887263388
258 3.64827654452
235 3.64411543026
196 3.63081995675
155 3.63081995675
117 3.63081995675
111 3.63081995675
95 3.63081995675
263 3.62489682705
283 3.59465603468
222 3.58752536667
288 3.58257178387
286 3.58257178387
285 3.58257178387
284 3.58257178387
271 3.58257178387
280 3.57544939379
94 3.56316086201
220 3.56222777385
207 3.53807792686
252 3.46281103791
250 3.46281103791
230 3.46073313595
218 3.447810873
234 3.4431000117
103 3.43386611567
104 3.4280011119
261 3.36738080384
153 3.29167651857
289 3.03836455593
221 3.02899822902

