25 260.932412978
16 256.039356789
5 253.549901035
6 252.38667898
1 241.166114536
30 235.463383599
17 235.327087973
11 217.320098825
14 208.343745456
29 207.449409689
24 207.399560226
18 202.151072041
20 199.629700587
15 199.408400187
13 198.404385198
31 191.174327686
27 189.597089607
12 183.477520849
28 182.794259632
3 175.332620767
10 167.776235771
4 166.721508277
7 166.076137469
2 165.635092421
9 155.271156881
22 154.108180765
19 145.686301489
21 139.537881378
8 115.747240879
26 94.1500702181
23 50.9071633479
