36 0.00664999497962
27 0.0056233425708
10 0.00525490333843
15 0.00514848051778
30 0.00509968608802
25 0.00503439900185
34 0.00497853778124
3 0.00496950715257
6 0.00496389204752
17 0.00491680685189
11 0.00471202606395
33 0.00470526459563
20 0.00450336965565
23 0.00433478059686
38 0.00423735425308
4 0.00415399541234
5 0.00404950267614
14 0.00399728186904
19 0.00399403058214
41 0.00399053758016
13 0.00393170343501
16 0.00390084656167
22 0.00386337245499
7 0.00383715596119
32 0.00369022479359
24 0.0036381179767
8 0.00348715898323
47 0.00333649192183
21 0.00331982396983
39 0.00331897948086
29 0.00309473613502
9 0.00307679507502
26 0.00307599479722
31 0.00303482117226
40 0.00301274421931
46 0.00300637784632
35 0.00299797487678
12 0.00289917099651
48 0.00285867895717
18 0.00269073081986
42 0.00269057850743
28 0.00268378078855
0 0.00255599838575
2 0.00252509389394
45 0.00252365374254
43 0.00248973146773
37 0.00237056993738
1 0.00223019613333
44 0.0022265136573
