81 0.00956334638893
80 0.00956334638893
76 0.00950088731748
35 0.00904432947606
49 0.00861757891358
79 0.00860066342886
66 0.00860066342886
28 0.00833601730944
2 0.00831749296385
37 0.00803074723772
4 0.00800752535281
3 0.00789060326033
90 0.00762179174655
36 0.00754072681555
34 0.00754072681555
33 0.00754072681555
75 0.00750862282423
94 0.00750117298233
21 0.00747209066181
32 0.00742127031021
43 0.0071055986901
45 0.0071055986901
72 0.00691034171683
1 0.0068984338414
93 0.00687118860132
92 0.00687118860132
15 0.0068570339406
77 0.00678835933665
27 0.00645946943972
8 0.00645160477136
12 0.00645098651155
31 0.00644456752497
70 0.00640482479676
16 0.00632149424469
14 0.00632149424469
9 0.00632149424469
7 0.00632149424469
6 0.00632149424469
29 0.00632149424469
22 0.00632149424469
19 0.00632149424469
18 0.00632149424469
17 0.00632149424469
13 0.00632149424469
11 0.00632149424469
10 0.00632149424469
55 0.0061677739347
5 0.00616403783374
74 0.00612073692297
41 0.00612073692297
103 0.00612073692297
44 0.00608593000794
71 0.00593125844817
69 0.00593125844817
68 0.00593125844817
67 0.00593125844817
65 0.00593125844817
64 0.00593125844817
57 0.00593125844817
56 0.00593125844817
54 0.00593125844817
53 0.00593125844817
52 0.00593125844817
51 0.00593125844817
63 0.00593125844817
62 0.00593125844817
61 0.00593125844817
60 0.00593125844817
59 0.00593125844817
58 0.00593125844817
48 0.00593125844817
104 0.00588231267367
73 0.0056834042415
105 0.0056834042415
102 0.0056834042415
89 0.00555511429173
78 0.00555511429173
40 0.00555511429173
38 0.00555511429173
30 0.00555511429173
26 0.00555511429173
25 0.00555511429173
24 0.00555511429173
23 0.00555511429173
20 0.00555511429173
50 0.00532499377308
46 0.00532499377308
39 0.00532499377308
97 0.00532499377308
96 0.00532499377308
91 0.00532499377308
47 0.00532499377308
42 0.00532499377308
0 0.00532499377308
101 0.00532499377308
100 0.00532499377308
99 0.00532499377308
98 0.00532499377308
95 0.00532499377308
88 0.00532499377308
87 0.00532499377308
86 0.00532499377308
85 0.00532499377308
84 0.00532499377308
83 0.00532499377308
82 0.00532499377308
