128 0.00548229135517
103 0.00548229135517
120 0.00517013184304
110 0.00511380487512
117 0.00509023200923
119 0.00509023200923
122 0.00509023200923
121 0.00498687206522
118 0.00496516338299
105 0.00495293673849
127 0.00460895989986
125 0.00460895989986
108 0.00456759951854
169 0.00448522783603
143 0.0042623587939
72 0.00425697165404
145 0.00411959063196
112 0.00402190849893
109 0.00402190849893
3 0.0040131359685
90 0.00401112858806
82 0.00393979175829
170 0.00392431147138
102 0.00389917751286
104 0.00389317203276
124 0.00388642957857
107 0.0038333149631
60 0.00382976993414
88 0.00382338528748
139 0.00382260921673
163 0.00381527103777
89 0.00379609613667
87 0.00379609613667
86 0.00379609613667
85 0.00379609613667
84 0.00379609613667
92 0.00379258539778
2 0.00377459923523
158 0.00377329625842
71 0.00376195151519
70 0.00375653271845
113 0.00375325758126
129 0.00371609660491
177 0.00371609660491
176 0.00371609660491
171 0.00371609660491
168 0.00371609660491
25 0.00370225612548
61 0.0037006521605
58 0.0037006521605
0 0.00367412371038
98 0.00367412371038
96 0.00367412371038
111 0.00367412371038
62 0.00367412371038
59 0.00367412371038
56 0.00367412371038
67 0.00366614860668
95 0.00363359292519
175 0.00362750886057
174 0.00362750886057
173 0.00362750886057
172 0.0036084151755
137 0.00360393197121
133 0.00360277368456
45 0.00358284947369
51 0.0035805238715
42 0.0035805238715
43 0.0035805238715
80 0.00357598439599
77 0.00357598439599
83 0.00357479228263
81 0.00357479228263
79 0.00357479228263
78 0.00357479228263
76 0.00357479228263
75 0.00357479228263
74 0.00357479228263
73 0.00357479228263
126 0.00356735800093
116 0.00356735800093
115 0.00356735800093
123 0.0035472830265
114 0.0035472830265
106 0.0035472830265
101 0.0035472830265
66 0.00354085034119
5 0.00353710507104
162 0.00353453155262
159 0.00353453155262
157 0.00353453155262
155 0.00353453155262
154 0.00353453155262
149 0.00353453155262
148 0.00353453155262
147 0.00353453155262
146 0.00353453155262
144 0.00353453155262
142 0.00353453155262
141 0.00353453155262
140 0.00353453155262
138 0.00353453155262
135 0.00353453155262
132 0.00353453155262
131 0.00353453155262
130 0.00353453155262
156 0.00353453155262
153 0.00353453155262
151 0.00353453155262
150 0.00353453155262
134 0.00353453155262
165 0.00353453155262
164 0.00353453155262
161 0.00353453155262
160 0.00353453155262
152 0.00353453155262
136 0.00353453155262
167 0.00353453155262
166 0.00353453155262
49 0.00353450935158
100 0.00352524887741
91 0.00346669831964
99 0.00343424693102
97 0.00343424693102
94 0.00343424693102
65 0.00343406319311
64 0.00343406319311
63 0.00343406319311
10 0.00342857532104
93 0.00342857532104
57 0.00342857532104
9 0.00342857532104
1 0.00336675594468
68 0.00334670173175
14 0.00334283843928
48 0.00334271631729
47 0.00334271631729
41 0.00334271631729
40 0.00334271631729
29 0.00334271631729
28 0.00334271631729
27 0.00334271631729
26 0.00334271631729
24 0.00334271631729
23 0.00334271631729
22 0.00334271631729
21 0.00334271631729
19 0.00334271631729
18 0.00334271631729
16 0.00334271631729
15 0.00334271631729
13 0.00334271631729
12 0.00334271631729
11 0.00334271631729
50 0.00334271631729
31 0.00334271631729
8 0.00334271631729
6 0.00334271631729
4 0.00334271631729
53 0.00334271631729
52 0.00334271631729
39 0.00334271631729
38 0.00334271631729
36 0.00334271631729
35 0.00334271631729
34 0.00334271631729
33 0.00334271631729
30 0.00334271631729
17 0.0033239795537
44 0.00332196020594
7 0.00332180699021
69 0.00320887091989
20 0.00320887091989
55 0.00313587136244
37 0.00313587136244
46 0.00309845444489
32 0.00309845444489
54 0.00309845444489
