1 7.58276063921
172 7.85993338266
94 7.99961826121
97 7.99961826121
99 7.99961826121
37 8.26758726983
55 8.26758726983
91 8.31180930024
107 8.44140701978
115 8.45180196218
116 8.45180196218
126 8.45180196218
32 8.51274153287
46 8.51274153287
54 8.51274153287
173 8.54357761083
174 8.54357761083
175 8.54357761083
95 8.55014387501
129 8.55070023359
168 8.55070023359
171 8.55070023359
176 8.55070023359
177 8.55070023359
73 8.72489750519
74 8.72489750519
75 8.72489750519
76 8.72489750519
78 8.72489750519
79 8.72489750519
81 8.72489750519
83 8.72489750519
101 8.74438315716
106 8.74438315716
114 8.74438315716
123 8.74438315716
14 8.82231600441
68 8.82656895489
25 8.92519310149
20 8.93441631836
69 8.93441631836
109 8.96325196188
112 8.96325196188
104 9.00157595281
7 9.0843299533
44 9.08448071748
17 9.08668666718
170 9.10886742825
137 9.12242813772
92 9.29111701822
113 9.29847117314
4 9.40919860164
6 9.40919860164
8 9.40919860164
11 9.40919860164
12 9.40919860164
13 9.40919860164
15 9.40919860164
16 9.40919860164
18 9.40919860164
19 9.40919860164
21 9.40919860164
22 9.40919860164
23 9.40919860164
24 9.40919860164
26 9.40919860164
27 9.40919860164
28 9.40919860164
29 9.40919860164
30 9.40919860164
31 9.40919860164
33 9.40919860164
34 9.40919860164
35 9.40919860164
36 9.40919860164
38 9.40919860164
39 9.40919860164
40 9.40919860164
41 9.40919860164
47 9.40919860164
48 9.40919860164
50 9.40919860164
52 9.40919860164
53 9.40919860164
133 9.41666314526
56 9.44651203899
59 9.44651203899
62 9.44651203899
96 9.44651203899
98 9.44651203899
111 9.44651203899
9 9.48766613709
10 9.48766613709
57 9.48766613709
93 9.48766613709
63 9.50739330442
64 9.50739330442
65 9.50739330442
49 9.64308693399
5 9.64592716067
66 9.65002871328
90 9.85705090978
2 9.91373238062
70 9.91886589832
100 9.93276555809
130 9.93629582132
131 9.93629582132
132 9.93629582132
134 9.93629582132
135 9.93629582132
136 9.93629582132
138 9.93629582132
140 9.93629582132
141 9.93629582132
142 9.93629582132
144 9.93629582132
146 9.93629582132
147 9.93629582132
148 9.93629582132
149 9.93629582132
150 9.93629582132
151 9.93629582132
152 9.93629582132
153 9.93629582132
154 9.93629582132
155 9.93629582132
156 9.93629582132
157 9.93629582132
159 9.93629582132
160 9.93629582132
161 9.93629582132
162 9.93629582132
164 9.93629582132
165 9.93629582132
166 9.93629582132
167 9.93629582132
77 9.96238154145
80 9.96238154145
163 9.97485787385
139 9.98291850246
42 9.99455994928
43 9.99455994928
51 9.99455994928
45 9.99701373637
124 10.004899492
102 10.0187995271
67 10.0867441739
58 10.104846458
61 10.104846458
71 10.2170844425
88 10.2484245101
158 10.5215148832
84 10.5272989745
85 10.5272989745
86 10.5272989745
87 10.5272989745
89 10.5272989745
3 10.5330891434
60 10.5454788881
82 10.6747625858
169 10.6819376361
125 10.8235442029
127 10.8235442029
145 10.8960253425
72 11.07890145
143 11.1123526867
108 11.7220903602
110 11.7857410539
105 11.9851843184
118 12.0440781024
121 12.1288147843
117 12.2247344676
119 12.2247344676
122 12.2247344676
120 12.5730636929
103 13.100612504
128 13.100612504

