51 119.352897103
59 120.865500058
53 121.461181718
22 125.428061136
25 125.4608449
10 126.677608581
4 128.601197206
52 130.049788494
47 130.061011762
49 130.063469053
65 130.064265178
1 130.067586902
34 138.613446174
46 138.613446174
56 142.987789482
39 144.655206065
63 146.808706251
40 147.092047171
71 147.092197421
43 147.095906766
38 147.108319579
35 149.843980109
74 150.077102088
60 151.078855428
42 155.105020878
8 155.22154106
45 155.542280842
17 156.810079741
16 157.434329889
20 160.836235257
26 161.864626879
29 161.984277211
48 163.471997218
31 163.918361417
7 163.920875883
24 163.943796526
73 163.951138356
13 163.963096979
55 166.742079334
66 167.801306343
67 168.827412356
11 170.007852503
27 170.417738063
64 170.601643654
32 175.294573087
15 176.920942271
12 178.416935913
2 181.945666354
57 182.342852623
3 183.678088691
28 185.872774592
30 186.551680201
37 194.820709476
19 196.094295438
14 197.291857962
62 199.773145428
72 202.712117296
6 204.166275134
54 204.694804549
61 205.141537428
23 205.260893797
69 205.42349592
9 205.478935436
44 205.486318657
33 210.969091015
68 211.003562993
5 212.576338906
21 219.818720944
41 227.70822204
50 233.849098144
18 235.961449897
36 238.032200914
58 246.537965608
70 255.375826124
75 351.163938869
