203 0.00144768128901
254 0.00144768128901
200 0.00143524238945
369 0.00143524238945
291 0.00143524238945
209 0.00143524238945
208 0.00143524238945
207 0.00143524238945
202 0.00143524238945
242 0.00143524238945
241 0.00143524238945
650 0.00143524238945
629 0.00143524238945
602 0.00143524238945
600 0.00143524238945
588 0.00143524238945
585 0.00143524238945
559 0.00143524238945
558 0.00143524238945
552 0.00143524238945
551 0.00143524238945
550 0.00143524238945
519 0.00143524238945
514 0.00143524238945
504 0.00143524238945
459 0.00143524238945
458 0.00143524238945
457 0.00143524238945
428 0.00143524238945
427 0.00143524238945
423 0.00143524238945
397 0.00143524238945
395 0.00143524238945
393 0.00143524238945
392 0.00143524238945
373 0.00143524238945
366 0.00143524238945
364 0.00143524238945
361 0.00143524238945
355 0.00143524238945
353 0.00143524238945
352 0.00143524238945
350 0.00143524238945
326 0.00143524238945
321 0.00143524238945
210 0.00143524238945
190 0.00143524238945
604 0.00143524238945
647 0.00143524238945
645 0.00143524238945
644 0.00143524238945
643 0.00143524238945
642 0.00143524238945
641 0.00143524238945
577 0.00143524238945
639 0.00143524238945
638 0.00143524238945
636 0.00143524238945
635 0.00143524238945
632 0.00143524238945
631 0.00143524238945
630 0.00143524238945
597 0.00143524238945
596 0.00143524238945
594 0.00143524238945
593 0.00143524238945
592 0.00143524238945
591 0.00143524238945
576 0.00143524238945
573 0.00143524238945
572 0.00143524238945
566 0.00143524238945
529 0.00143524238945
524 0.00143524238945
521 0.00143524238945
508 0.00143524238945
495 0.00143524238945
494 0.00143524238945
490 0.00143524238945
441 0.00143524238945
440 0.00143524238945
377 0.00143524238945
372 0.00143524238945
370 0.00143524238945
332 0.00143524238945
318 0.00143524238945
311 0.00143524238945
289 0.00143524238945
283 0.00143524238945
278 0.00143524238945
271 0.00143524238945
270 0.00143524238945
233 0.00143524238945
230 0.00143524238945
538 0.00143524238945
533 0.00143524238945
306 0.00143524238945
304 0.00143524238945
180 0.00143524238945
362 0.00143524238945
345 0.00143524238945
344 0.00143524238945
343 0.00143524238945
342 0.00143524238945
188 0.00143524238945
348 0.00143524238945
267 0.00143524238945
263 0.00143524238945
186 0.00143524238945
625 0.00143524238945
623 0.00143524238945
622 0.00143524238945
617 0.00143524238945
616 0.00143524238945
615 0.00143524238945
614 0.00143524238945
612 0.00143524238945
610 0.00143524238945
570 0.00143524238945
546 0.00143524238945
545 0.00143524238945
500 0.00143524238945
482 0.00143524238945
466 0.00143524238945
319 0.00143524238945
313 0.00143524238945
312 0.00143524238945
261 0.00143524238945
260 0.00143524238945
259 0.00143524238945
258 0.00143524238945
256 0.00143524238945
255 0.00143524238945
229 0.00143524238945
224 0.00143524238945
223 0.00143524238945
222 0.00143524238945
219 0.00143524238945
179 0.00143524238945
178 0.00143524238945
177 0.00143524238945
571 0.00143524238945
383 0.00143524238945
382 0.00143524238945
380 0.00143524238945
409 0.00142626619297
284 0.00142374085033
231 0.00142374085033
581 0.00142374085033
181 0.00142374085033
175 0.00142374085033
269 0.00142374085033
187 0.00142374085033
185 0.00142374085033
218 0.00142374085033
216 0.00142374085033
213 0.00142374085033
211 0.00142374085033
192 0.00142374085033
196 0.00142167288989
194 0.00142167288989
143 0.00142167288989
62 0.00142167288989
61 0.00142167288989
57 0.00142167288989
19 0.00142167288989
16 0.00142167288989
15 0.00142167288989
14 0.00142167288989
13 0.00142167288989
12 0.00142167288989
10 0.00142167288989
63 0.00142167288989
56 0.00142167288989
55 0.00142167288989
54 0.00142167288989
174 0.00142167288989
53 0.00142167288989
52 0.00142167288989
9 0.00142167288989
7 0.00142167288989
6 0.00142167288989
59 0.00142167288989
51 0.00142167288989
50 0.00142167288989
461 0.00142167288989
67 0.00142167288989
65 0.00142167288989
64 0.00142167288989
58 0.00142167288989
29 0.00142167288989
28 0.00142167288989
26 0.00142167288989
25 0.00142167288989
24 0.00142167288989
23 0.00142167288989
22 0.00142167288989
21 0.00142167288989
20 0.00142167288989
624 0.00142167288989
198 0.00142167288989
72 0.00142167288989
49 0.00142167288989
71 0.00142167288989
48 0.00142167288989
47 0.00142167288989
42 0.00142167288989
40 0.00142167288989
239 0.00142167288989
238 0.00142167288989
237 0.00142167288989
46 0.00142167288989
44 0.00142167288989
38 0.00142167288989
37 0.00142167288989
36 0.00142167288989
35 0.00142167288989
34 0.00142167288989
33 0.00142167288989
32 0.00142167288989
31 0.00142167288989
30 0.00142167288989
648 0.00141915665875
415 0.0013613985423
590 0.00136064151391
633 0.00136064151391
340 0.00136064151391
204 0.00136064151391
613 0.00136064151391
182 0.00136064151391
195 0.00136064151391
539 0.0013601911334
368 0.0013601911334
367 0.0013601911334
214 0.00136001876446
18 0.00135920733978
169 0.00135920733978
193 0.00135920733978
45 0.00135920733978
39 0.00135920733978
5 0.00135920733978
206 0.00135882229677
221 0.00135852239795
11 0.00135844212662
27 0.00135844212662
60 0.00135844212662
41 0.00135844212662
176 0.00135836111781
453 0.00135815729039
17 0.00135693639336
8 0.00135693639336
220 0.00135634374248
191 0.00135617793198
225 0.00135571037699
184 0.00135527874337
599 0.00135506045796
3 0.00135465968516
262 0.00135464362522
556 0.00132518651788
555 0.00132518651788
553 0.00132518651788
438 0.00132518651788
425 0.00132518651788
424 0.00132518651788
422 0.00132518651788
421 0.00132518651788
396 0.00132518651788
628 0.00132518651788
583 0.00132518651788
432 0.00132518651788
398 0.00132518651788
513 0.00132518651788
512 0.00132518651788
454 0.00132518651788
456 0.00132518651788
452 0.00132518651788
451 0.00132518651788
450 0.00132518651788
649 0.00132518651788
646 0.00132518651788
637 0.00132518651788
634 0.00132518651788
601 0.00132518651788
595 0.00132518651788
568 0.00132518651788
565 0.00132518651788
563 0.00132518651788
561 0.00132518651788
560 0.00132518651788
525 0.00132518651788
523 0.00132518651788
522 0.00132518651788
509 0.00132518651788
503 0.00132518651788
502 0.00132518651788
499 0.00132518651788
498 0.00132518651788
497 0.00132518651788
496 0.00132518651788
492 0.00132518651788
491 0.00132518651788
449 0.00132518651788
447 0.00132518651788
446 0.00132518651788
445 0.00132518651788
444 0.00132518651788
442 0.00132518651788
419 0.00132518651788
418 0.00132518651788
417 0.00132518651788
416 0.00132518651788
410 0.00132518651788
407 0.00132518651788
403 0.00132518651788
402 0.00132518651788
401 0.00132518651788
626 0.00132518651788
607 0.00132518651788
542 0.00132518651788
541 0.00132518651788
535 0.00132518651788
534 0.00132518651788
531 0.00132518651788
530 0.00132518651788
489 0.00132518651788
488 0.00132518651788
485 0.00132518651788
481 0.00132518651788
480 0.00132518651788
479 0.00132518651788
478 0.00132518651788
474 0.00132518651788
472 0.00132518651788
470 0.00132518651788
436 0.00132518651788
435 0.00132518651788
434 0.00132518651788
433 0.00132518651788
431 0.00132518651788
414 0.00132518651788
413 0.00132518651788
412 0.00132518651788
408 0.00132518651788
608 0.00132518651788
618 0.00132518651788
469 0.00132518651788
467 0.00132518651788
464 0.00132518651788
463 0.00132518651788
462 0.00132518651788
506 0.00132518651788
501 0.00132518651788
468 0.00132518651788
448 0.00132518651788
554 0.00131656678948
429 0.00131656678948
359 0.00131656678948
357 0.00131656678948
354 0.00131656678948
351 0.00131656678948
329 0.00131656678948
328 0.00131656678948
327 0.00131656678948
324 0.00131656678948
323 0.00131656678948
322 0.00131656678948
320 0.00131656678948
584 0.00131656678948
394 0.00131656678948
515 0.00131656678948
399 0.00131656678948
511 0.00131656678948
510 0.00131656678948
455 0.00131656678948
360 0.00131656678948
627 0.00131656678948
544 0.00131656678948
543 0.00131656678948
347 0.00131656678948
308 0.00131656678948
305 0.00131656678948
303 0.00131656678948
302 0.00131656678948
301 0.00131656678948
300 0.00131656678948
621 0.00131656678948
603 0.00131656678948
579 0.00131656678948
575 0.00131656678948
574 0.00131656678948
549 0.00131656678948
483 0.00131656678948
477 0.00131656678948
471 0.00131656678948
363 0.00131656678948
346 0.00131656678948
341 0.00131656678948
310 0.00131656678948
605 0.00131656678948
476 0.00131656678948
465 0.00131656678948
460 0.00131656678948
388 0.00131656678948
385 0.00131656678948
609 0.00131656678948
507 0.00131656678948
505 0.00131656678948
317 0.00131656678948
316 0.00131656678948
315 0.00131656678948
314 0.00131656678948
290 0.00131656678948
611 0.00131656678948
443 0.00131656678948
406 0.00131656678948
297 0.00131656678948
296 0.00131656678948
295 0.00131656678948
299 0.00131656678948
298 0.00131656678948
640 0.00131656678948
598 0.00131656678948
569 0.00131656678948
567 0.00131656678948
564 0.00131656678948
527 0.00131656678948
526 0.00131656678948
493 0.00131656678948
411 0.00131656678948
379 0.00131656678948
376 0.00131656678948
375 0.00131656678948
374 0.00131656678948
371 0.00131656678948
338 0.00131656678948
336 0.00131656678948
335 0.00131656678948
334 0.00131656678948
333 0.00131656678948
288 0.00131656678948
286 0.00131656678948
285 0.00131656678948
282 0.00131656678948
281 0.00131656678948
280 0.00131656678948
279 0.00131656678948
277 0.00131656678948
276 0.00131656678948
272 0.00131656678948
404 0.00131621750615
400 0.00131621750615
391 0.00131621750615
390 0.00131621750615
389 0.00131621750615
386 0.00131621750615
384 0.00131621750615
484 0.00131621750615
268 0.00130816374407
265 0.00130816374407
562 0.00130816374407
536 0.00130816374407
378 0.00130816374407
273 0.00130816374407
580 0.00130816374407
358 0.00130816374407
325 0.00130816374407
152 0.00130443617266
251 0.00130037591268
236 0.00130037591268
235 0.00130037591268
234 0.00130037591268
437 0.00130037591268
339 0.00130037591268
287 0.00130037591268
264 0.00130037591268
250 0.00130037591268
293 0.00130037591268
243 0.00130037591268
240 0.00130037591268
249 0.00130037591268
246 0.00130037591268
244 0.00130037591268
516 0.00130037591268
248 0.00130037591268
232 0.00129710548978
582 0.00129567389335
215 0.00129448264703
274 0.00129391458715
138 0.00129391458715
146 0.00129391458715
84 0.00129391458715
0 0.00129391458715
43 0.00129391458715
172 0.00129391458715
171 0.00129391458715
170 0.00129391458715
183 0.00129383605634
486 0.00129266181677
189 0.00129227999826
337 0.001292016748
475 0.00129181354386
528 0.0012910492168
199 0.00129061505035
309 0.00129028330315
217 0.00128984813437
381 0.00128604145746
330 0.0012856303642
228 0.00128439803883
619 0.00128421476162
426 0.00125840063352
420 0.00125840063352
487 0.00125481859547
586 0.00125481859547
606 0.00125304029071
520 0.00125304029071
292 0.00124855220193
589 0.0012456715671
307 0.00124539896577
331 0.00124514765222
548 0.00124509174144
547 0.00124509174144
537 0.00124338244954
266 0.00124326158591
387 0.00124326158591
74 0.00124295843448
540 0.00124295843448
430 0.00124035905002
1 0.00123377139068
247 0.00123058079539
252 0.00122899430019
245 0.00122898436724
253 0.00122878745022
201 0.00122595711415
557 0.0012252951274
197 0.00122415116431
257 0.0012237120454
212 0.00122350819646
532 0.00122330835801
227 0.00122084673564
205 0.00119294677189
294 0.00116728297553
356 0.00115624647635
151 0.00115475609823
587 0.00115080413787
275 0.00115070818279
405 0.001121959063
159 0.00112053060712
158 0.00112053060712
157 0.00112053060712
156 0.00112053060712
155 0.00112053060712
129 0.00112053060712
128 0.00112053060712
121 0.00112053060712
119 0.00112053060712
118 0.00112053060712
117 0.00112053060712
116 0.00112053060712
115 0.00112053060712
114 0.00112053060712
113 0.00112053060712
112 0.00112053060712
111 0.00112053060712
110 0.00112053060712
99 0.00112053060712
98 0.00112053060712
97 0.00112053060712
96 0.00112053060712
95 0.00112053060712
93 0.00112053060712
92 0.00112053060712
90 0.00112053060712
144 0.00112053060712
142 0.00112053060712
140 0.00112053060712
173 0.00112053060712
127 0.00112053060712
126 0.00112053060712
125 0.00112053060712
124 0.00112053060712
123 0.00112053060712
122 0.00112053060712
141 0.00112053060712
139 0.00112053060712
137 0.00112053060712
136 0.00112053060712
135 0.00112053060712
134 0.00112053060712
133 0.00112053060712
132 0.00112053060712
131 0.00112053060712
130 0.00112053060712
168 0.00112053060712
167 0.00112053060712
165 0.00112053060712
164 0.00112053060712
163 0.00112053060712
162 0.00112053060712
161 0.00112053060712
160 0.00112053060712
89 0.00112053060712
88 0.00112053060712
87 0.00112053060712
86 0.00112053060712
85 0.00112053060712
109 0.00112053060712
108 0.00112053060712
107 0.00112053060712
106 0.00112053060712
105 0.00112053060712
104 0.00112053060712
103 0.00112053060712
102 0.00112053060712
101 0.00112053060712
100 0.00112053060712
365 0.00111209115389
349 0.00109073519269
145 0.00108084398705
70 0.00107947793732
69 0.00107947793732
439 0.00105549994226
91 0.00105182482783
94 0.00105182482783
166 0.00105118145063
578 0.00105113818623
120 0.00105000531399
620 0.00104480849651
2 0.00103963379561
147 0.00101589704839
150 0.00101364595134
79 0.000990598849064
226 0.000988305028074
518 0.000984443013819
4 0.000964703118147
149 0.000954645816902
473 0.000938955158776
76 0.000928957595464
66 0.000916878234785
517 0.000902627196379
153 0.000869294177017
68 0.000868758956367
83 0.000868758956367
82 0.000868758956367
81 0.000868758956367
80 0.000868758956367
77 0.000868758956367
78 0.000868758956367
75 0.000868758956367
154 0.000868303377093
73 0.000843207019834
148 0.000740367347121
