254 6.64480691824
203 6.64480691824
624 6.51233625233
461 6.51233625233
239 6.51233625233
238 6.51233625233
237 6.51233625233
198 6.51233625233
196 6.51233625233
194 6.51233625233
174 6.51233625233
143 6.51233625233
72 6.51233625233
71 6.51233625233
67 6.51233625233
65 6.51233625233
64 6.51233625233
63 6.51233625233
62 6.51233625233
61 6.51233625233
59 6.51233625233
58 6.51233625233
57 6.51233625233
56 6.51233625233
55 6.51233625233
54 6.51233625233
53 6.51233625233
52 6.51233625233
51 6.51233625233
50 6.51233625233
49 6.51233625233
48 6.51233625233
47 6.51233625233
46 6.51233625233
44 6.51233625233
42 6.51233625233
40 6.51233625233
38 6.51233625233
37 6.51233625233
36 6.51233625233
35 6.51233625233
34 6.51233625233
33 6.51233625233
32 6.51233625233
31 6.51233625233
30 6.51233625233
29 6.51233625233
28 6.51233625233
26 6.51233625233
25 6.51233625233
24 6.51233625233
23 6.51233625233
22 6.51233625233
21 6.51233625233
20 6.51233625233
19 6.51233625233
16 6.51233625233
15 6.51233625233
14 6.51233625233
13 6.51233625233
12 6.51233625233
10 6.51233625233
9 6.51233625233
7 6.51233625233
6 6.51233625233
648 6.41452502901
193 6.23893831052
169 6.23893831052
45 6.23893831052
39 6.23893831052
18 6.23893831052
5 6.23893831052
60 6.23681538106
41 6.23681538106
27 6.23681538106
11 6.23681538106
17 6.23245161802
8 6.23245161802
409 6.14919221503
3 6.05466369741
581 5.97692728459
284 5.97692728459
269 5.97692728459
231 5.97692728459
218 5.97692728459
216 5.97692728459
213 5.97692728459
211 5.97692728459
192 5.97692728459
187 5.97692728459
185 5.97692728459
181 5.97692728459
175 5.97692728459
650 5.91988901446
647 5.91988901446
645 5.91988901446
644 5.91988901446
643 5.91988901446
642 5.91988901446
641 5.91988901446
639 5.91988901446
638 5.91988901446
636 5.91988901446
635 5.91988901446
632 5.91988901446
631 5.91988901446
630 5.91988901446
629 5.91988901446
625 5.91988901446
623 5.91988901446
622 5.91988901446
617 5.91988901446
616 5.91988901446
615 5.91988901446
614 5.91988901446
612 5.91988901446
610 5.91988901446
604 5.91988901446
602 5.91988901446
600 5.91988901446
597 5.91988901446
596 5.91988901446
594 5.91988901446
593 5.91988901446
592 5.91988901446
591 5.91988901446
588 5.91988901446
585 5.91988901446
577 5.91988901446
576 5.91988901446
573 5.91988901446
572 5.91988901446
571 5.91988901446
570 5.91988901446
566 5.91988901446
559 5.91988901446
558 5.91988901446
552 5.91988901446
551 5.91988901446
550 5.91988901446
546 5.91988901446
545 5.91988901446
538 5.91988901446
533 5.91988901446
529 5.91988901446
524 5.91988901446
521 5.91988901446
519 5.91988901446
514 5.91988901446
508 5.91988901446
504 5.91988901446
500 5.91988901446
495 5.91988901446
494 5.91988901446
490 5.91988901446
482 5.91988901446
466 5.91988901446
459 5.91988901446
458 5.91988901446
457 5.91988901446
441 5.91988901446
440 5.91988901446
428 5.91988901446
427 5.91988901446
423 5.91988901446
397 5.91988901446
395 5.91988901446
393 5.91988901446
392 5.91988901446
383 5.91988901446
382 5.91988901446
380 5.91988901446
377 5.91988901446
373 5.91988901446
372 5.91988901446
370 5.91988901446
369 5.91988901446
366 5.91988901446
364 5.91988901446
362 5.91988901446
361 5.91988901446
355 5.91988901446
353 5.91988901446
352 5.91988901446
350 5.91988901446
348 5.91988901446
345 5.91988901446
344 5.91988901446
343 5.91988901446
342 5.91988901446
332 5.91988901446
326 5.91988901446
321 5.91988901446
319 5.91988901446
318 5.91988901446
313 5.91988901446
312 5.91988901446
311 5.91988901446
306 5.91988901446
304 5.91988901446
291 5.91988901446
289 5.91988901446
283 5.91988901446
278 5.91988901446
271 5.91988901446
270 5.91988901446
267 5.91988901446
263 5.91988901446
261 5.91988901446
260 5.91988901446
259 5.91988901446
258 5.91988901446
256 5.91988901446
255 5.91988901446
242 5.91988901446
241 5.91988901446
233 5.91988901446
230 5.91988901446
229 5.91988901446
224 5.91988901446
223 5.91988901446
222 5.91988901446
219 5.91988901446
210 5.91988901446
209 5.91988901446
208 5.91988901446
207 5.91988901446
202 5.91988901446
200 5.91988901446
190 5.91988901446
188 5.91988901446
186 5.91988901446
180 5.91988901446
179 5.91988901446
178 5.91988901446
177 5.91988901446
152 5.90649673859
415 5.8726513169
484 5.81901826862
404 5.81901826862
400 5.81901826862
391 5.81901826862
390 5.81901826862
389 5.81901826862
386 5.81901826862
384 5.81901826862
537 5.79131428401
274 5.78758226769
172 5.78758226769
171 5.78758226769
170 5.78758226769
146 5.78758226769
138 5.78758226769
84 5.78758226769
43 5.78758226769
649 5.75354744246
646 5.75354744246
637 5.75354744246
634 5.75354744246
628 5.75354744246
626 5.75354744246
618 5.75354744246
608 5.75354744246
607 5.75354744246
601 5.75354744246
595 5.75354744246
583 5.75354744246
568 5.75354744246
565 5.75354744246
563 5.75354744246
561 5.75354744246
560 5.75354744246
556 5.75354744246
555 5.75354744246
553 5.75354744246
542 5.75354744246
541 5.75354744246
535 5.75354744246
534 5.75354744246
531 5.75354744246
530 5.75354744246
525 5.75354744246
523 5.75354744246
522 5.75354744246
513 5.75354744246
512 5.75354744246
509 5.75354744246
506 5.75354744246
503 5.75354744246
502 5.75354744246
501 5.75354744246
499 5.75354744246
498 5.75354744246
497 5.75354744246
496 5.75354744246
492 5.75354744246
491 5.75354744246
489 5.75354744246
488 5.75354744246
485 5.75354744246
481 5.75354744246
480 5.75354744246
479 5.75354744246
478 5.75354744246
474 5.75354744246
472 5.75354744246
470 5.75354744246
469 5.75354744246
468 5.75354744246
467 5.75354744246
464 5.75354744246
463 5.75354744246
462 5.75354744246
456 5.75354744246
454 5.75354744246
452 5.75354744246
451 5.75354744246
450 5.75354744246
449 5.75354744246
448 5.75354744246
447 5.75354744246
446 5.75354744246
445 5.75354744246
444 5.75354744246
442 5.75354744246
438 5.75354744246
436 5.75354744246
435 5.75354744246
434 5.75354744246
433 5.75354744246
432 5.75354744246
431 5.75354744246
425 5.75354744246
424 5.75354744246
422 5.75354744246
421 5.75354744246
419 5.75354744246
418 5.75354744246
417 5.75354744246
416 5.75354744246
414 5.75354744246
413 5.75354744246
412 5.75354744246
410 5.75354744246
408 5.75354744246
407 5.75354744246
403 5.75354744246
402 5.75354744246
401 5.75354744246
398 5.75354744246
396 5.75354744246
582 5.70137726249
633 5.7009262594
613 5.7009262594
590 5.7009262594
340 5.7009262594
204 5.7009262594
195 5.7009262594
182 5.7009262594
214 5.69916206095
220 5.68856421443
191 5.68796488435
225 5.68671861842
184 5.68546314098
599 5.68484652575
262 5.68363258293
540 5.62849808358
74 5.62849808358
580 5.62646502412
562 5.62646502412
536 5.62646502412
378 5.62646502412
358 5.62646502412
325 5.62646502412
273 5.62646502412
268 5.62646502412
265 5.62646502412
206 5.61464482087
539 5.60918956035
368 5.60918956035
367 5.60918956035
221 5.60431317721
176 5.60387809481
453 5.60329301771
640 5.55983491629
627 5.55983491629
621 5.55983491629
611 5.55983491629
609 5.55983491629
605 5.55983491629
603 5.55983491629
598 5.55983491629
584 5.55983491629
579 5.55983491629
575 5.55983491629
574 5.55983491629
569 5.55983491629
567 5.55983491629
564 5.55983491629
554 5.55983491629
549 5.55983491629
544 5.55983491629
543 5.55983491629
527 5.55983491629
526 5.55983491629
515 5.55983491629
511 5.55983491629
510 5.55983491629
507 5.55983491629
505 5.55983491629
493 5.55983491629
483 5.55983491629
477 5.55983491629
476 5.55983491629
471 5.55983491629
465 5.55983491629
460 5.55983491629
455 5.55983491629
443 5.55983491629
429 5.55983491629
411 5.55983491629
406 5.55983491629
399 5.55983491629
394 5.55983491629
388 5.55983491629
385 5.55983491629
379 5.55983491629
376 5.55983491629
375 5.55983491629
374 5.55983491629
371 5.55983491629
363 5.55983491629
360 5.55983491629
359 5.55983491629
357 5.55983491629
354 5.55983491629
351 5.55983491629
347 5.55983491629
346 5.55983491629
341 5.55983491629
338 5.55983491629
336 5.55983491629
335 5.55983491629
334 5.55983491629
333 5.55983491629
329 5.55983491629
328 5.55983491629
327 5.55983491629
324 5.55983491629
323 5.55983491629
322 5.55983491629
320 5.55983491629
317 5.55983491629
316 5.55983491629
315 5.55983491629
314 5.55983491629
310 5.55983491629
308 5.55983491629
305 5.55983491629
303 5.55983491629
302 5.55983491629
301 5.55983491629
300 5.55983491629
299 5.55983491629
298 5.55983491629
297 5.55983491629
296 5.55983491629
295 5.55983491629
290 5.55983491629
288 5.55983491629
286 5.55983491629
285 5.55983491629
282 5.55983491629
281 5.55983491629
280 5.55983491629
279 5.55983491629
277 5.55983491629
276 5.55983491629
272 5.55983491629
586 5.54753907142
487 5.54753907142
548 5.54310444598
547 5.54310444598
1 5.52001507546
426 5.46664806617
420 5.46664806617
228 5.45489251405
606 5.45121870371
520 5.45121870371
232 5.42596879599
486 5.41114760365
189 5.41003596416
337 5.40928975354
475 5.40869536248
528 5.40652859076
381 5.39206355086
330 5.39087112284
307 5.35346087893
589 5.3522607272
619 5.35191126331
331 5.35080306078
516 5.34507541608
437 5.34507541608
339 5.34507541608
293 5.34507541608
287 5.34507541608
264 5.34507541608
251 5.34507541608
250 5.34507541608
249 5.34507541608
248 5.34507541608
246 5.34507541608
244 5.34507541608
243 5.34507541608
240 5.34507541608
236 5.34507541608
235 5.34507541608
234 5.34507541608
430 5.33696900756
215 5.32602924085
183 5.32416117087
199 5.31720937373
309 5.31397327646
217 5.31270596094
292 5.26984397171
387 5.25461513988
266 5.25461513988
151 5.23748243515
247 5.1406809154
252 5.13607957975
245 5.13604611597
253 5.13547458553
201 5.12532219976
197 5.12434862745
557 5.12338543439
257 5.11878594327
212 5.11822589055
532 5.11764081344
227 5.02045138202
405 4.97635364517
205 4.96137791786
349 4.94727896962
294 4.86492257678
356 4.83102980112
587 4.82459270658
275 4.81741226855
173 4.80035854105
168 4.80035854105
167 4.80035854105
165 4.80035854105
164 4.80035854105
163 4.80035854105
162 4.80035854105
161 4.80035854105
160 4.80035854105
159 4.80035854105
158 4.80035854105
157 4.80035854105
156 4.80035854105
155 4.80035854105
144 4.80035854105
142 4.80035854105
141 4.80035854105
140 4.80035854105
139 4.80035854105
137 4.80035854105
136 4.80035854105
135 4.80035854105
134 4.80035854105
133 4.80035854105
132 4.80035854105
131 4.80035854105
130 4.80035854105
129 4.80035854105
128 4.80035854105
127 4.80035854105
126 4.80035854105
125 4.80035854105
124 4.80035854105
123 4.80035854105
122 4.80035854105
121 4.80035854105
119 4.80035854105
118 4.80035854105
117 4.80035854105
116 4.80035854105
115 4.80035854105
114 4.80035854105
113 4.80035854105
112 4.80035854105
111 4.80035854105
110 4.80035854105
109 4.80035854105
108 4.80035854105
107 4.80035854105
106 4.80035854105
105 4.80035854105
104 4.80035854105
103 4.80035854105
102 4.80035854105
101 4.80035854105
100 4.80035854105
99 4.80035854105
98 4.80035854105
97 4.80035854105
96 4.80035854105
95 4.80035854105
93 4.80035854105
92 4.80035854105
90 4.80035854105
89 4.80035854105
88 4.80035854105
87 4.80035854105
86 4.80035854105
85 4.80035854105
365 4.78224200343
226 4.72299798086
145 4.72260400546
439 4.69113594883
578 4.68802652984
2 4.68309971216
70 4.6397272835
69 4.6397272835
79 4.52256970968
94 4.50947414852
91 4.50947414852
166 4.50773423122
120 4.5043044221
620 4.49276306048
4 4.43160937097
518 4.39281424797
147 4.36566530831
150 4.35682928168
473 4.32973316859
66 4.32759739793
76 4.25804343117
149 4.17245776116
517 4.04854897172
73 4.04046158924
83 3.99735254675
82 3.99735254675
81 3.99735254675
80 3.99735254675
78 3.99735254675
77 3.99735254675
75 3.99735254675
68 3.99735254675
154 3.99656276573
153 3.99492092198
148 3.43758462862

