75 0.0032301376959
70 0.00240736477113
58 0.00232382446285
36 0.00224831449837
18 0.00223573775308
50 0.00222491842261
41 0.00216013973573
21 0.00209179857657
5 0.00203991433058
68 0.00201600818502
33 0.00201448906258
69 0.00197794469772
9 0.00197032718865
23 0.00197025041485
6 0.00196970880472
44 0.00196894256657
61 0.00196522956833
54 0.00196406637836
72 0.00195760913198
62 0.00192569062037
14 0.00190080524851
19 0.00189937303056
37 0.00187840913764
30 0.00181443474072
28 0.00181076978271
3 0.00179441759442
2 0.00178133253484
57 0.00177376499963
15 0.00173859822446
12 0.00173756678797
32 0.00171106163287
27 0.00167911010142
64 0.00167244185267
66 0.00166922896866
67 0.00166556810934
11 0.00166409389908
55 0.00164794372664
24 0.00161341092855
13 0.00161339643651
73 0.00161290573223
31 0.00161232005736
7 0.00161159613929
48 0.00160889779852
29 0.0016065244039
26 0.00160559397205
20 0.00158674033081
16 0.00157208013516
17 0.00155804230162
45 0.00154038395051
8 0.00153721057452
42 0.00153708376903
60 0.00150885376732
74 0.00149727343884
35 0.0014946002025
0 0.00148786660848
63 0.00148001333078
38 0.00146812660244
43 0.00146759110783
40 0.0014674302488
71 0.00146742766446
39 0.00144577073577
56 0.00143782236066
46 0.00139474864402
34 0.00139474864402
1 0.00132091931499
52 0.0013207808881
65 0.00132077760469
49 0.00132073718461
47 0.00132063936956
4 0.0013093132217
10 0.00129848739093
25 0.00128356572864
22 0.00128283648285
53 0.00124655257615
59 0.00124194304822
51 0.00123398629948
