1 3.18236759142
 2 3.18236759142
 3 3.18236759142
 4 3.18236759142
 5 3.18236759142
 6 3.18236759142
 7 3.18236759142
 8 3.18236759142
 9 3.18236759142
 10 3.18236759142
 11 3.18236759142
 12 3.18236759142
 13 3.18236759142
 14 3.18236759142
 15 3.18236759142
 16 3.18236759142
 17 3.18236759142
 18 3.18236759142
 19 3.18236759142
 21 3.18236759142
 35 3.18236759142
 36 3.18236759142
 44 3.18236759142
 47 3.18236759142
 56 3.18236759142
 73 3.18236759142
 81 3.18236759142
 83 3.18236759142
 84 3.18236759142
 85 3.18236759142
 86 3.18236759142
 96 3.18236759142
 97 3.18236759142
 98 3.18236759142
 109 3.18236759142
 110 3.18236759142
 111 3.18236759142
 112 3.18236759142
 113 3.18236759142
 130 3.18236759142
 134 3.18236759142
 138 3.18236759142
 163 3.18236759142
 170 3.18236759142
 26 3.44334785469
 27 3.44334785469
 34 3.44334785469
 42 3.44334785469
 49 3.44334785469
 55 3.44334785469
 67 3.44334785469
 68 3.44334785469
 115 3.44334785469
 118 3.44334785469
 120 3.44334785469
 125 3.44334785469
 129 3.44334785469
 132 3.44334785469
 133 3.44334785469
 135 3.44334785469
 140 3.44334785469
 141 3.44334785469
 142 3.44334785469
 147 3.44334785469
 148 3.44334785469
 149 3.44334785469
 150 3.44334785469
 151 3.44334785469
 152 3.44334785469
 166 3.44334785469
 167 3.44334785469
 171 3.44334785469
 172 3.44334785469
 175 3.44334785469
 119 3.45532376227
 158 3.45532376227
 159 3.45532376227
 161 3.45532376227
 169 3.45532376227
 176 3.45532376227
 177 3.45532376227
 178 3.45532376227
 179 3.45532376227
 180 3.45532376227
 181 3.45532376227
 182 3.45532376227
 183 3.45532376227
 186 3.45532376227
 37 3.46168317727
 38 3.46168317727
 39 3.46168317727
 40 3.46168317727
 41 3.46168317727
 43 3.46168317727
 45 3.46168317727
 50 3.46168317727
 51 3.46168317727
 71 3.46168317727
 74 3.46168317727
 75 3.46168317727
 116 3.46168317727
 122 3.46168317727
 22 3.49800020825
 23 3.49800020825
 20 3.50305018248
 184 3.73021048526
 185 3.73021048526
 168 3.74706000826
 160 3.75999741221
 117 3.76064911143
 32 3.76680735366
 164 3.80798164603
 60 3.960067849
 61 3.960067849
 62 3.960067849
 63 3.960067849
 64 3.960067849
 65 3.960067849
 66 3.960067849
 123 3.960067849
 156 3.960067849
 24 3.96329734175
 25 3.96329734175
 28 3.96329734175
 29 3.96329734175
 30 3.96329734175
 31 3.96329734175
 48 3.96329734175
 72 3.96329734175
 139 3.96329734175
 155 4.05311334281
 173 4.07258851142
 87 4.13347079287
 88 4.13347079287
 90 4.13347079287
 91 4.13347079287
 93 4.13347079287
 95 4.13347079287
 102 4.13347079287
 103 4.13347079287
 105 4.13347079287
 106 4.13347079287
 108 4.13347079287
 127 4.13347079287
 114 4.16567149742
 131 4.22524224949
 69 4.23122705173
 70 4.23122705173
 59 4.26292707927
 33 4.26640780576
 46 4.26647365129
 174 4.26783134836
 52 4.32006971765
 53 4.32006971765
 57 4.32006971765
 58 4.32006971765
 136 4.32006971765
 154 4.33543841254
 54 4.33800280154
 137 4.33800280154
 146 4.34257205464
 100 4.43192944353
 107 4.43206840894
 99 4.43491766484
 101 4.43491766484
 94 4.43772196838
 143 4.55252406806
 144 4.56693604915
 145 4.56693604915
 76 4.57739441377
 77 4.57739441377
 78 4.57739441377
 79 4.57739441377
 80 4.57739441377
 121 4.61468371269
 126 4.61468371269
 153 4.61468371269
 89 4.70099959755
 92 4.76648510162
 157 4.85451088534
 165 4.86644327142
 104 4.87446440709
 128 4.94406857289
 82 5.06218893359
 124 5.14189560619
 162 5.15050797443

