162 0.00647389542198
82 0.00630038787802
124 0.00613952125886
104 0.00593559638876
128 0.00591975944839
89 0.00576275907011
165 0.00576216452252
157 0.0057549056252
92 0.00569605751669
131 0.00556857047093
126 0.00541905236619
121 0.00541905236619
153 0.00541905236619
94 0.00541795171594
101 0.00541239992722
99 0.00541239992722
107 0.00540655181515
100 0.00540603240014
80 0.00534363419668
79 0.00534363419668
78 0.00534363419668
77 0.00534363419668
76 0.00534363419668
145 0.00532176072491
144 0.00532176072491
143 0.0053097480586
154 0.0050843994202
146 0.00504873480308
137 0.00504039650821
54 0.00504039650821
114 0.00501297906597
136 0.00500469955691
58 0.00500469955691
57 0.00500469955691
53 0.00500469955691
52 0.00500469955691
108 0.00498445918712
106 0.00498445918712
105 0.00498445918712
103 0.00498445918712
102 0.00498445918712
127 0.00498445918712
93 0.00498445918712
91 0.00498445918712
90 0.00498445918712
88 0.00498445918712
87 0.00498445918712
95 0.00498445918712
59 0.00490443064957
174 0.00489842045482
46 0.0048957598377
33 0.00489544460655
69 0.00483868765276
70 0.00483868765276
173 0.00468427707964
155 0.00466157695587
164 0.00450360311305
123 0.00447360889187
66 0.00447360889187
65 0.00447360889187
64 0.00447360889187
63 0.00447360889187
62 0.00447360889187
61 0.00447360889187
60 0.00447360889187
156 0.00447360889187
29 0.00446421193713
28 0.00446421193713
25 0.00446421193713
139 0.00446421193713
48 0.00446421193713
31 0.00446421193713
30 0.00446421193713
24 0.00446421193713
72 0.00446421193713
117 0.00440625877641
160 0.00440467318346
185 0.00434290061623
184 0.00434290061623
32 0.00424789946888
168 0.00422527531227
20 0.00407005654153
23 0.00405966283858
22 0.00405966283858
43 0.00398432168526
41 0.00398432168526
40 0.00398432168526
39 0.00398432168526
38 0.00398432168526
122 0.00398432168526
116 0.00398432168526
51 0.00398432168526
50 0.00398432168526
45 0.00398432168526
37 0.00398432168526
75 0.00398432168526
74 0.00398432168526
71 0.00398432168526
186 0.00397134936279
183 0.00397134936279
182 0.00397134936279
181 0.00397134936279
180 0.00397134936279
119 0.00397134936279
179 0.00397134936279
178 0.00397134936279
177 0.00397134936279
176 0.00397134936279
169 0.00397134936279
161 0.00397134936279
159 0.00397134936279
158 0.00397134936279
129 0.00377492144438
125 0.00377492144438
120 0.00377492144438
118 0.00377492144438
115 0.00377492144438
68 0.00377492144438
67 0.00377492144438
55 0.00377492144438
34 0.00377492144438
135 0.00377492144438
133 0.00377492144438
132 0.00377492144438
42 0.00377492144438
49 0.00377492144438
26 0.00377492144438
27 0.00377492144438
175 0.00377492144438
172 0.00377492144438
171 0.00377492144438
142 0.00377492144438
167 0.00377492144438
166 0.00377492144438
152 0.00377492144438
151 0.00377492144438
150 0.00377492144438
149 0.00377492144438
148 0.00377492144438
147 0.00377492144438
140 0.00377492144438
141 0.00377492144438
113 0.00360667813998
112 0.00360667813998
111 0.00360667813998
110 0.00360667813998
109 0.00360667813998
56 0.00360667813998
35 0.00360667813998
134 0.00360667813998
130 0.00360667813998
36 0.00360667813998
170 0.00360667813998
138 0.00360667813998
86 0.00360667813998
85 0.00360667813998
84 0.00360667813998
83 0.00360667813998
81 0.00360667813998
73 0.00360667813998
163 0.00360667813998
98 0.00360667813998
97 0.00360667813998
96 0.00360667813998
47 0.00360667813998
44 0.00360667813998
21 0.00360667813998
8 0.00360667813998
6 0.00360667813998
5 0.00360667813998
4 0.00360667813998
3 0.00360667813998
19 0.00360667813998
18 0.00360667813998
17 0.00360667813998
16 0.00360667813998
15 0.00360667813998
14 0.00360667813998
13 0.00360667813998
12 0.00360667813998
11 0.00360667813998
10 0.00360667813998
9 0.00360667813998
7 0.00360667813998
2 0.00360667813998
1 0.00360667813998
0 0.00360667813998
