105 4.38656734288
108 4.38656734288
110 4.38656734288
111 4.38656734288
114 4.38656734288
115 4.38656734288
116 4.38656734288
118 4.38656734288
119 4.38656734288
120 4.38656734288
121 4.38656734288
125 4.38656734288
126 4.38656734288
127 4.38656734288
131 4.38656734288
151 4.38656734288
168 4.38656734288
185 4.38656734288
191 4.38656734288
234 4.38656734288
235 4.38656734288
250 4.38656734288
253 4.38656734288
285 4.44636084885
292 4.44636084885
309 4.44636084885
63 4.53408078323
334 4.57759877056
342 4.57759877056
223 4.61623548606
224 4.61623548606
228 4.61623548606
230 4.61623548606
247 4.61623548606
249 4.61623548606
257 4.61623548606
278 4.61623548606
279 4.61623548606
283 4.61623548606
301 4.61623548606
304 4.61623548606
310 4.61623548606
312 4.61623548606
317 4.61623548606
335 4.61623548606
338 4.61623548606
307 4.63532938325
313 4.63532938325
113 4.66039529284
109 4.66846160292
123 4.66846160292
124 4.66846160292
187 4.66846160292
232 4.67257351401
112 4.67471758643
117 4.67471758643
107 4.70348819255
258 4.72089007448
277 4.72089007448
282 4.72089007448
293 4.72089007448
297 4.72089007448
300 4.72089007448
302 4.72089007448
314 4.72089007448
315 4.72089007448
316 4.72089007448
318 4.72089007448
319 4.72089007448
324 4.72089007448
329 4.72089007448
330 4.72089007448
331 4.72089007448
243 4.7913430867
60 4.80463248414
56 4.8126392694
58 4.8126392694
59 4.8126392694
61 4.8126392694
303 4.81330094102
305 4.81330094102
150 4.88457730368
341 4.91399613966
276 4.93062676782
281 4.95664190085
280 4.984680614
321 5.02321010325
122 5.0241446107
129 5.0241446107
130 5.0241446107
134 5.0241446107
135 5.0241446107
137 5.0241446107
140 5.0241446107
141 5.0241446107
142 5.0241446107
143 5.0241446107
144 5.0241446107
145 5.0241446107
147 5.0241446107
148 5.0241446107
152 5.0241446107
153 5.0241446107
154 5.0241446107
156 5.0241446107
157 5.0241446107
158 5.0241446107
159 5.0241446107
160 5.0241446107
161 5.0241446107
162 5.0241446107
163 5.0241446107
164 5.0241446107
165 5.0241446107
166 5.0241446107
167 5.0241446107
169 5.0241446107
170 5.0241446107
173 5.0241446107
174 5.0241446107
178 5.0241446107
179 5.0241446107
181 5.0241446107
182 5.0241446107
186 5.0241446107
188 5.0241446107
190 5.0241446107
192 5.0241446107
193 5.0241446107
225 5.0241446107
226 5.0241446107
255 5.0241446107
256 5.0241446107
264 5.0241446107
266 5.0241446107
267 5.0241446107
268 5.0241446107
271 5.0241446107
236 5.06869792867
237 5.06869792867
238 5.06869792867
239 5.06869792867
240 5.06869792867
241 5.06869792867
242 5.06869792867
103 5.11505399959
212 5.12310821059
251 5.12310821059
259 5.12310821059
260 5.12310821059
4 5.17402175995
11 5.17402175995
14 5.17402175995
19 5.17402175995
47 5.17402175995
52 5.17402175995
53 5.17402175995
132 5.18755868538
336 5.19102057806
337 5.19102057806
339 5.19102057806
340 5.19102057806
343 5.19102057806
269 5.19821913657
180 5.2012071865
320 5.23395194874
311 5.24190284695
254 5.32840351715
231 5.33050514859
138 5.3380512531
155 5.3380512531
172 5.3380512531
176 5.3380512531
177 5.3380512531
184 5.3380512531
333 5.3438299578
146 5.34562043724
171 5.35586530464
136 5.35682826445
207 5.38613444453
272 5.38636838812
252 5.40474054414
95 5.41927006659
325 5.45580512963
327 5.45580512963
3 5.4620537297
101 5.47519560069
294 5.49899052715
296 5.49899052715
149 5.50386934204
299 5.52216012219
306 5.52216012219
298 5.53571902709
290 5.54238647922
244 5.58175170611
245 5.58175170611
246 5.58175170611
248 5.58175170611
323 5.58408653924
71 5.60614958851
221 5.63221023935
222 5.63221023935
326 5.65938659279
261 5.67688068506
265 5.67688068506
262 5.70234384297
211 5.7123231859
50 5.74955380145
100 5.7580388375
74 5.7872220228
76 5.7872220228
332 5.79436449929
295 5.79865400317
133 5.80487519523
139 5.84676454724
220 5.92805119805
291 5.93421004911
233 5.96464236883
263 5.98587982293
289 5.98587982293
206 6.0149008095
49 6.03569347815
64 6.08289242243
65 6.08289242243
66 6.08289242243
68 6.08289242243
69 6.08289242243
70 6.08289242243
72 6.08289242243
73 6.08289242243
75 6.08289242243
77 6.08289242243
78 6.08289242243
80 6.08289242243
81 6.08289242243
82 6.08289242243
83 6.08289242243
84 6.08289242243
85 6.08289242243
86 6.08289242243
87 6.08289242243
88 6.08289242243
89 6.08289242243
90 6.08289242243
92 6.08289242243
93 6.08289242243
94 6.08289242243
96 6.08289242243
97 6.08289242243
189 6.08360709024
175 6.09200536403
183 6.09200536403
91 6.09570356873
67 6.09684857055
308 6.11351951608
62 6.16144882755
12 6.22154930536
51 6.22154930536
194 6.22162824166
195 6.22162824166
196 6.22162824166
197 6.22162824166
198 6.22162824166
199 6.22162824166
200 6.22162824166
201 6.22162824166
202 6.22162824166
205 6.22162824166
208 6.22162824166
210 6.22162824166
213 6.22162824166
214 6.22162824166
215 6.22162824166
216 6.22162824166
217 6.22162824166
218 6.22162824166
106 6.23452087476
104 6.24696846498
209 6.25913552386
227 6.25913552386
229 6.26022918308
270 6.26266086669
275 6.27835790725
286 6.27835790725
287 6.27835790725
57 6.28577833
288 6.29154243386
39 6.29488656892
40 6.29488656892
128 6.36737265514
284 6.36931871203
98 6.41916259825
6 6.52336913709
203 6.52578597138
204 6.52578597138
219 6.52578597138
99 6.65051775462
102 6.68573256212
79 6.71176933116
322 6.74802429179
328 6.75985220282
2 6.78770606939
5 6.78770606939
7 6.78770606939
8 6.78770606939
10 6.78770606939
13 6.78770606939
15 6.78770606939
17 6.78770606939
20 6.78770606939
21 6.78770606939
22 6.78770606939
24 6.78770606939
25 6.78770606939
26 6.78770606939
28 6.78770606939
29 6.78770606939
30 6.78770606939
31 6.78770606939
32 6.78770606939
33 6.78770606939
34 6.78770606939
35 6.78770606939
36 6.78770606939
38 6.78770606939
41 6.78770606939
42 6.78770606939
44 6.78770606939
46 6.78770606939
48 6.78770606939
18 6.82232755873
55 6.83404703535
54 6.8349982101
273 6.8632589644
274 6.8632589644
37 6.86514573243
43 6.8913205967
16 6.91407680726
9 7.09052740562
27 7.09052740562
45 7.09578345068
23 7.10406660318
1 7.22087687904

