8 105.2216953
44 105.321654046
15 106.823210255
26 109.606054233
24 114.674745463
36 114.719062396
47 121.659677431
17 121.683984183
23 121.708709853
1 121.96933456
48 128.322978919
7 128.637075248
43 135.066661687
35 135.526229843
28 135.559131569
40 135.571603294
22 136.989327064
9 139.223765859
33 142.382715263
11 142.432018285
29 148.631770604
19 149.321721211
38 152.671482331
2 154.421222566
20 156.128848918
16 156.179540086
45 160.408167159
18 161.933744511
12 162.893432135
34 162.972307587
3 164.999518889
21 166.291831016
6 169.591620798
37 169.605596786
46 171.105836128
42 172.546443515
5 174.782148539
13 176.529174294
4 184.07043243
39 186.453749898
14 195.048432903
31 204.896957667
10 206.824086456
25 216.764333348
41 242.061745506
30 258.369689611
27 259.261657536
32 264.750104603
