160 4.7535998897
161 4.7535998897
164 4.7535998897
182 4.7535998897
183 4.7535998897
209 4.7535998897
211 4.7535998897
323 4.7535998897
341 4.7535998897
343 4.7535998897
358 4.7535998897
72 4.77175354456
73 4.77175354456
74 4.77175354456
75 4.77175354456
76 4.77175354456
77 4.77175354456
80 4.77175354456
82 4.77175354456
83 4.77175354456
84 4.77175354456
85 4.77175354456
86 4.77175354456
87 4.77175354456
88 4.77175354456
89 4.77175354456
91 4.77175354456
92 4.77175354456
93 4.77175354456
94 4.77175354456
95 4.77175354456
96 4.77175354456
97 4.77175354456
99 4.77175354456
100 4.77175354456
101 4.77175354456
103 4.77175354456
104 4.77175354456
106 4.77175354456
114 4.77175354456
128 4.77175354456
132 4.77175354456
133 4.77175354456
140 4.77175354456
141 4.77175354456
142 4.77175354456
143 4.77175354456
144 4.77175354456
145 4.77175354456
146 4.77175354456
147 4.77175354456
148 4.77175354456
149 4.77175354456
150 4.77175354456
158 4.77175354456
165 4.77175354456
202 4.77175354456
212 4.77175354456
250 4.77175354456
251 4.77175354456
360 4.83099682936
361 4.83099682936
272 4.88899414513
293 4.88899414513
294 4.88899414513
310 4.88899414513
311 4.88899414513
4 4.95796703468
5 4.95796703468
6 4.95796703468
7 4.95796703468
8 4.95796703468
9 4.95796703468
10 4.95796703468
11 4.95796703468
13 4.95796703468
14 4.95796703468
16 4.95796703468
17 4.95796703468
18 4.95796703468
19 4.95796703468
32 4.95796703468
35 4.95796703468
366 4.95796703468
344 4.98868035765
351 4.98868035765
362 4.98868035765
190 5.00525957396
78 5.03740825815
118 5.03740825815
247 5.08036055908
181 5.08739955972
90 5.11061208732
71 5.11558750559
81 5.11558750559
117 5.11558750559
296 5.13901826828
213 5.1963885887
248 5.1963885887
249 5.1963885887
302 5.22196364401
200 5.26715542974
180 5.27990262831
224 5.27990262831
20 5.28869572982
57 5.28869572982
12 5.29112983377
210 5.29112983377
70 5.29717395412
98 5.29717395412
163 5.29717395412
203 5.29717395412
206 5.29717395412
15 5.29809984965
352 5.3161939962
353 5.3161939962
364 5.3161939962
342 5.33282583376
319 5.33484380175
354 5.33484380175
363 5.33484380175
371 5.33484380175
312 5.36664149513
205 5.39040981331
227 5.44963194439
229 5.44963194439
232 5.44963194439
235 5.44963194439
236 5.44963194439
245 5.44963194439
134 5.46827850947
252 5.50787785222
370 5.50787785222
299 5.54540484249
187 5.55379412869
324 5.59061639977
331 5.59061639977
332 5.59061639977
267 5.60662561777
26 5.62040304046
369 5.62613427369
1 5.6310761696
287 5.75555183452
255 5.76345023945
257 5.76345023945
258 5.76345023945
228 5.78631738246
286 5.80949547591
24 5.80970828836
25 5.80970828836
28 5.80970828836
29 5.80970828836
37 5.80970828836
47 5.80970828836
56 5.80970828836
58 5.80970828836
67 5.80970828836
69 5.80970828836
102 5.80970828836
113 5.80970828836
159 5.80970828836
167 5.80970828836
168 5.80970828836
170 5.80970828836
173 5.80970828836
174 5.80970828836
175 5.80970828836
177 5.80970828836
178 5.80970828836
186 5.80970828836
188 5.80970828836
189 5.80970828836
191 5.80970828836
198 5.80970828836
201 5.80970828836
204 5.80970828836
207 5.80970828836
208 5.80970828836
244 5.80970828836
246 5.80970828836
264 5.80970828836
265 5.80970828836
266 5.80970828836
268 5.80970828836
271 5.80970828836
338 5.80970828836
346 5.80970828836
355 5.80970828836
356 5.80970828836
357 5.80970828836
367 5.80970828836
368 5.80970828836
21 5.86528391059
27 5.86528391059
30 5.86528391059
54 5.86528391059
55 5.86528391059
62 5.86528391059
65 5.86528391059
169 5.89360848325
179 5.89912597126
328 5.92612471355
337 5.92882737297
345 6.00283189731
260 6.11021672031
221 6.13549966795
243 6.14536123266
199 6.16369980882
176 6.2144332531
59 6.22839906281
307 6.25597870138
313 6.26305952993
315 6.26305952993
317 6.26305952993
318 6.26305952993
326 6.26305952993
329 6.26305952993
359 6.31261635053
256 6.37279381365
218 6.41724103518
226 6.41724103518
261 6.44601893515
262 6.46449819856
263 6.46449819856
22 6.54401555882
327 6.5450929267
60 6.54891016963
61 6.54891016963
63 6.54891016963
64 6.54891016963
51 6.58347086187
325 6.6037526009
314 6.60679647481
320 6.60679647481
316 6.60921968116
184 6.63328748567
119 6.67482918589
259 6.7119776288
340 6.73206385139
214 6.74086359291
215 6.74086359291
216 6.74086359291
217 6.74086359291
219 6.74086359291
220 6.74086359291
222 6.74086359291
223 6.74086359291
230 6.74086359291
231 6.74086359291
233 6.74086359291
234 6.74086359291
237 6.74086359291
239 6.74086359291
240 6.74086359291
241 6.74086359291
242 6.76136018816
253 6.79150716945
31 6.81481196132
292 6.84193970541
289 6.84424815878
270 6.84749458204
36 6.88074301288
38 6.88074301288
53 6.88074301288
50 6.89926670503
52 6.92260795207
162 6.95905985935
192 6.95905985935
193 6.95905985935
194 6.95905985935
195 6.95905985935
196 6.95905985935
197 6.95905985935
321 6.95905985935
322 6.95905985935
23 6.99984807728
238 7.0830386411
225 7.09781288338
304 7.104074001
172 7.11438310691
305 7.17732981179
79 7.22632328782
105 7.22632328782
107 7.22632328782
108 7.22632328782
109 7.22632328782
110 7.22632328782
111 7.22632328782
116 7.22632328782
120 7.22632328782
121 7.22632328782
122 7.22632328782
123 7.22632328782
124 7.22632328782
125 7.22632328782
126 7.22632328782
127 7.22632328782
129 7.22632328782
130 7.22632328782
131 7.22632328782
135 7.22632328782
136 7.22632328782
137 7.22632328782
138 7.22632328782
139 7.22632328782
151 7.22632328782
152 7.22632328782
154 7.22632328782
155 7.22632328782
157 7.22632328782
34 7.22824815044
348 7.23926087796
349 7.23926087796
350 7.23926087796
365 7.23926087796
254 7.24332538277
339 7.25563080628
2 7.26176882789
153 7.28615384473
330 7.30311022592
334 7.31320899408
335 7.31320899408
336 7.31320899408
275 7.32062988185
276 7.32062988185
277 7.32062988185
278 7.32062988185
279 7.32062988185
280 7.32062988185
281 7.32062988185
282 7.32062988185
283 7.32062988185
284 7.32062988185
285 7.32062988185
288 7.32062988185
290 7.32062988185
291 7.32062988185
295 7.32062988185
297 7.32062988185
298 7.32062988185
301 7.32062988185
303 7.32062988185
306 7.32062988185
308 7.32062988185
309 7.32062988185
166 7.33337068998
347 7.35827069289
171 7.39311542735
33 7.40342968915
39 7.40342968915
40 7.40342968915
41 7.40342968915
42 7.40342968915
43 7.40342968915
44 7.40342968915
46 7.40342968915
48 7.40342968915
49 7.40342968915
66 7.40342968915
185 7.40917842459
333 7.44433464406
68 7.52161812873
269 7.57287760106
112 7.5781209858
3 7.59589999432
300 7.66396514411
156 7.69890266076
45 7.74408267378
115 7.86835142014
273 8.15743047665
274 8.15743047665

