64 74.3976909992
56 77.171839413
3 77.1731946117
4 77.1731946117
5 77.1731946117
6 77.1731946117
12 81.1519012787
58 81.3696868352
32 82.879856514
22 82.9210932025
29 84.2582690456
23 88.607627257
9 88.6339426919
18 88.6463380993
16 90.5070914737
65 92.5366030301
27 93.1191330747
24 93.5035688246
10 94.1864764467
28 94.1961704478
47 94.2759666154
40 95.782521208
36 99.4454445338
41 99.8591984434
30 99.9054742349
21 99.9434100376
35 100.178128572
14 102.226648036
34 102.368779825
31 105.5187896
8 109.72273923
63 110.256901666
1 110.98392754
51 111.040227135
57 111.080893898
19 111.513131665
42 116.001762422
20 116.661046552
49 116.670348877
43 116.718736614
7 118.261655451
26 121.364177796
50 122.200818158
45 122.239078134
48 130.920192186
54 132.079468502
60 133.261051366
61 137.395227011
39 138.717530981
11 140.062993313
17 142.61711439
13 149.326891977
38 150.62454863
44 151.018515004
53 155.087845396
37 155.407251412
46 155.65884657
2 162.226659748
33 165.940689045
55 165.948366895
25 167.513367368
62 167.732764526
15 179.382392598
52 184.71423899
59 214.368159585
